
:: Instance :: 22
:: N. Experiment.:: 4
-----------------------------------
      GA---GA20o[100000]      0.0      2.0      0.5      0.5
     FWA---FWA20[100000]      0.0      2.0      0.5      0.5
        SA---SAR[100000]      2.0      1.0     2.75     0.43
-----------------------------------

      GA---GA20o[100000]
-----------------------------------
8 1 14 10 0 21 5 13 9 12 19 4 6 15 18 20 3 7 16 11 17 2  ::: 0.0
2 6 9 11 18 21 5 13 1 4 20 7 16 10 17 0 3 15 19 8 14 12  ::: 1.0
0 8 4 21 18 16 7 10 3 5 19 15 11 6 1 20 14 9 2 13 17 12  ::: 1.0
5 7 14 4 15 1 20 10 17 2 8 11 16 0 21 12 18 6 3 13 19 9  ::: 0.0

     FWA---FWA20[100000]
-----------------------------------
10 13 7 16 4 21 5 9 14 18 3 1 19 2 11 6 17 20 0 15 12 8  ::: 0.0
12 5 7 16 14 21 8 3 19 15 13 2 10 20 9 1 4 11 18 6 17 0  ::: 1.0
16 9 2 21 19 3 20 6 12 11 5 17 13 18 4 7 1 10 15 0 14 8  ::: 1.0
15 2 11 9 1 12 10 3 16 19 21 0 6 13 7 17 4 8 5 14 18 20  ::: 0.0

        SA---SAR[100000]
-----------------------------------
4 17 10 12 18 16 11 1 0 2 9 8 15 19 21 5 7 13 20 14 6 3  ::: 2.0
16 5 4 15 17 14 6 21 19 1 13 18 7 2 10 20 9 0 12 3 11 8  ::: 3.0
6 10 12 17 1 21 19 3 0 13 7 4 11 14 16 9 15 20 18 2 5 8  ::: 3.0
17 5 7 16 1 13 2 21 14 20 3 19 10 12 6 9 0 18 8 4 11 15  ::: 3.0

:: Instance :: 24
:: N. Experiment.:: 4
-----------------------------------
      GA---GA20o[100000]      1.0      2.0      1.5      0.5
     FWA---FWA20[100000]      0.0      4.0      0.0      0.0
        SA---SAR[100000]      3.0      2.0      3.5      0.5
-----------------------------------

      GA---GA20o[100000]
-----------------------------------
3 5 17 21 18 11 14 2 20 8 6 16 9 10 0 15 23 1 7 12 22 19 4 13  ::: 2.0
6 21 18 13 1 19 5 9 4 17 0 2 7 22 15 8 14 20 3 23 12 10 16 11  ::: 1.0
12 18 22 6 4 1 21 11 17 8 5 3 16 20 7 23 10 14 19 15 2 9 13 0  ::: 2.0
16 1 7 20 15 3 18 8 17 11 4 2 14 19 21 23 6 13 22 12 9 0 5 10  ::: 1.0

     FWA---FWA20[100000]
-----------------------------------
14 18 13 9 1 17 4 23 3 16 6 12 21 0 7 20 2 11 8 22 19 10 5 15  ::: 0.0
13 10 3 23 14 4 11 7 12 21 6 1 20 2 17 22 9 19 16 0 8 18 5 15  ::: 0.0
19 10 14 11 3 22 20 23 2 4 8 13 16 18 7 21 1 5 15 6 9 17 12 0  ::: 0.0
4 12 15 0 14 17 9 21 8 16 1 19 7 22 20 11 5 3 23 18 13 2 10 6  ::: 0.0

        SA---SAR[100000]
-----------------------------------
14 3 9 23 20 10 6 11 2 17 19 0 22 4 13 7 12 18 5 21 1 16 8 15  ::: 4.0
5 7 16 23 6 15 17 20 2 12 9 18 13 22 1 8 21 0 4 14 11 3 10 19  ::: 3.0
12 4 20 8 14 18 0 2 16 11 22 10 3 13 23 1 6 7 15 17 21 9 5 19  ::: 4.0
13 11 18 3 22 12 2 9 19 10 0 23 6 16 1 7 5 15 17 4 8 14 21 20  ::: 3.0
null
Algorithms : 3 --- Instances : 2
-----------------------------------

Ranks Matrix   
-----------------------------------
1.5 1.5 3.0 
2.0 1.0 3.0 

Friedman Test
-----------------------------------
Friedman value = 3.25
prob Chi-square function = 0.196912
Calculate with degree = 2 and obtain critical value with one sided 

Iman Davenport Test
-----------------------------------
Iman-Davenport  = 4.333333
prob F-Function  = 0.1875
Calculate with degree = 2 X 2 and obtain critical value with one 
	sided 

Holm Test
-----------------------------------
Control Algorithm FWA---FWA20
[tenor p value] if tenor > value then there is different (see @ 
	symbol)
-----------------------------------
1 GA---GA20o ::: 0.5 - 0.05 p 0.308538
2 SA---SAR ::: 1.75 - 0.025 p 0.040059

Top Algorithms 3
-----------------------------------
Ranks Matrix   
-----------------------------------
1.5 1.5 3.0 
1.0 2.0 3.0 

Friedman Test
-----------------------------------
Friedman value = 3.25
prob Chi-square function = 0.196912
Calculate with degree = 2 and obtain critical value with one sided 

Iman Davenport Test
-----------------------------------
Iman-Davenport  = 4.333333
prob F-Function  = 0.1875
Calculate with degree = 2 X 2 and obtain critical value with one 
	sided 

Holm Test
-----------------------------------
Control Algorithm FWA---FWA20
[tenor p value] if tenor > value then there is different (see @ 
	symbol)
-----------------------------------
1 GA---GA20o ::: 0.5 - 0.05 p 0.308538
2 SA---SAR ::: 1.75 - 0.025 p 0.040059
