
:: Instance :: 22
:: N. Experiment.:: 4
-----------------------------------
      GA---GA20o[100000]      1.0      4.0      1.0      0.0
     FWA---FWA20[100000]      0.0      1.0      1.0      0.7
        SA---SAR[100000]      2.0      2.0      2.5      0.5
       ICA---ICA[100000]      0.0      4.0      0.0      0.0
-----------------------------------

      GA---GA20o[100000]
-----------------------------------
3 12 17 13 16 10 19 0 4 18 8 11 20 2 15 6 1 9 5 21 14 7  ::: 1.0
12 5 13 20 9 3 8 4 17 19 14 18 15 7 2 21 1 16 0 11 6 10  ::: 1.0
13 5 21 14 0 7 15 8 6 9 18 16 12 19 17 1 4 2 11 3 10 20  ::: 1.0
16 0 15 8 2 14 12 17 20 5 13 4 9 1 18 10 6 3 19 11 7 21  ::: 1.0

     FWA---FWA20[100000]
-----------------------------------
9 13 6 0 2 15 1 14 19 8 12 5 18 21 4 16 3 11 7 10 20 17  ::: 1.0
7 17 4 12 5 3 10 20 6 19 15 1 9 21 8 18 16 13 2 0 11 14  ::: 1.0
17 2 18 9 4 13 21 16 7 0 3 14 10 8 19 1 20 11 6 15 12 5  ::: 0.0
4 15 18 12 6 11 2 14 9 21 3 16 0 13 8 10 19 1 7 5 17 20  ::: 2.0

        SA---SAR[100000]
-----------------------------------
6 15 1 20 14 21 19 7 9 11 12 2 4 16 18 0 3 10 13 5 8 17  ::: 2.0
18 13 17 0 6 1 10 8 16 9 5 14 21 19 12 20 7 3 11 4 2 15  ::: 3.0
17 14 10 5 18 11 3 6 2 12 1 20 7 0 15 13 21 9 8 19 16 4  ::: 2.0
13 8 10 1 4 16 21 12 20 11 14 6 2 5 17 0 15 18 19 3 7 9  ::: 3.0

       ICA---ICA[100000]
-----------------------------------
10 7 5 12 18 9 13 4 1 14 21 2 0 15 3 11 8 16 19 17 20 6  ::: 0.0
1 10 7 3 17 0 16 18 5 8 14 9 20 15 2 21 19 13 11 4 6 12  ::: 0.0
8 10 4 18 16 21 6 20 2 15 7 14 3 0 9 19 12 5 1 17 13 11  ::: 0.0
13 5 1 9 12 17 8 21 3 18 11 4 19 16 6 20 2 0 14 7 10 15  ::: 0.0

:: Instance :: 24
:: N. Experiment.:: 4
-----------------------------------
      GA---GA20o[100000]      0.0      1.0     0.75     0.43
     FWA---FWA20[100000]      0.0      1.0      1.0      0.7
        SA---SAR[100000]      1.0      1.0     3.25     1.47
       ICA---ICA[100000]      0.0      4.0      0.0      0.0
-----------------------------------

      GA---GA20o[100000]
-----------------------------------
12 18 4 13 19 6 1 11 5 15 23 14 3 7 21 2 16 22 10 17 9 20 0 8  ::: 0.0
9 22 15 1 11 6 12 0 16 19 2 23 8 17 5 20 10 14 3 18 7 4 21 13  ::: 1.0
7 9 4 12 16 11 21 23 13 20 14 3 0 6 8 19 2 15 18 22 5 17 1 10  ::: 1.0
11 7 16 5 0 15 6 23 13 18 9 12 1 20 2 19 10 8 4 22 17 3 14 21  ::: 1.0

     FWA---FWA20[100000]
-----------------------------------
17 13 23 3 9 7 12 14 0 20 6 15 1 11 22 18 4 10 5 16 2 19 21 8  ::: 2.0
2 8 13 17 1 23 7 5 10 18 15 6 20 9 0 4 19 16 22 11 3 21 12 14  ::: 1.0
5 21 12 7 20 23 6 22 1 10 16 9 19 2 4 18 0 8 3 13 15 17 14 11  ::: 0.0
5 3 9 12 23 17 2 18 11 22 13 6 16 0 7 15 4 1 8 10 21 19 14 20  ::: 1.0

        SA---SAR[100000]
-----------------------------------
18 10 21 14 13 7 0 23 12 11 6 16 19 1 20 9 17 15 4 2 5 8 22 3  ::: 5.0
2 13 18 10 19 1 23 12 4 8 11 0 3 22 17 7 9 21 16 14 6 15 5 20  ::: 1.0
11 3 0 12 18 9 19 23 2 21 10 15 4 8 5 20 22 7 14 16 13 6 1 17  ::: 4.0
11 23 21 9 17 4 13 22 0 6 10 3 20 12 16 18 1 5 2 8 14 7 15 19  ::: 3.0

       ICA---ICA[100000]
-----------------------------------
22 17 14 12 7 20 2 5 15 1 3 19 23 8 13 16 18 11 6 0 9 21 4 10  ::: 0.0
11 14 3 10 21 9 22 16 23 15 8 19 7 4 2 12 5 20 18 1 6 13 0 17  ::: 0.0
7 3 8 15 20 18 11 22 12 19 4 0 21 9 13 6 16 14 1 17 10 5 23 2  ::: 0.0
10 0 11 5 1 20 23 14 6 2 13 19 8 18 4 21 3 17 22 7 15 12 16 9  ::: 0.0

:: Instance :: 26
:: N. Experiment.:: 4
-----------------------------------
      GA---GA20o[100000]      1.0      2.0      1.5      0.5
     FWA---FWA20[100000]      0.0      2.0      0.5      0.5
        SA---SAR[100000]      4.0      2.0      4.5      0.5
       ICA---ICA[100000]      0.0      4.0      0.0      0.0
-----------------------------------

      GA---GA20o[100000]
-----------------------------------
5 16 10 0 14 23 2 7 18 4 12 20 13 3 21 9 22 15 1 24 19 8 25 11 6 17  ::: 2.0
6 12 10 13 4 20 9 23 19 11 0 18 24 8 5 2 21 1 15 7 3 25 16 22 17 14  ::: 1.0
18 7 10 13 17 24 22 8 25 1 21 14 5 9 12 20 4 11 6 0 3 16 19 23 15 2  ::: 2.0
12 16 4 20 25 3 19 13 8 2 14 18 1 24 5 23 6 11 0 15 7 22 17 9 21 10  ::: 1.0

     FWA---FWA20[100000]
-----------------------------------
17 9 0 3 20 8 7 11 14 2 25 23 21 1 6 22 15 12 5 13 10 18 24 19 4 16  ::: 1.0
14 21 19 3 6 11 7 1 18 20 5 24 15 25 10 13 4 22 0 23 17 12 8 2 16 9  ::: 0.0
14 25 9 6 4 10 17 23 16 3 0 2 24 19 7 13 11 21 15 1 22 20 18 8 5 12  ::: 0.0
19 12 3 0 11 20 8 16 22 1 14 5 10 21 24 18 15 4 23 7 2 6 17 9 13 25  ::: 1.0

        SA---SAR[100000]
-----------------------------------
24 15 9 12 14 20 7 13 21 5 3 19 0 10 8 17 16 23 4 22 1 25 6 18 11 2  ::: 5.0
13 20 6 14 1 4 19 12 11 18 24 3 8 7 22 0 9 5 25 16 21 23 17 10 2 15  ::: 5.0
13 6 10 2 16 24 7 18 22 25 14 5 15 9 4 0 23 17 19 21 1 12 11 3 8 20  ::: 4.0
18 3 22 10 21 0 6 19 11 7 24 4 2 17 25 16 20 23 15 1 14 9 5 12 8 13  ::: 4.0

       ICA---ICA[100000]
-----------------------------------
14 16 18 3 6 17 19 0 25 7 1 12 15 24 4 23 8 22 13 2 9 5 21 11 20 10  ::: 0.0
4 18 15 9 23 17 20 16 0 5 21 10 3 11 19 1 13 25 2 6 8 22 24 12 14 7  ::: 0.0
17 23 18 7 5 11 8 21 0 3 22 10 15 6 19 24 14 12 25 16 20 1 4 2 13 9  ::: 0.0
23 14 1 21 25 12 0 19 17 5 3 11 16 24 4 6 18 15 2 22 7 10 8 20 9 13  ::: 0.0
null
Algorithms : 4 --- Instances : 3
-----------------------------------

Ranks Matrix   
-----------------------------------
2.5 2.5 4.0 1.0 
2.0 3.0 4.0 1.0 
3.0 2.0 4.0 1.0 

Friedman Test
-----------------------------------
Friedman value = 12.375
prob Chi-square function = 0.006203
Calculate with degree = 3 and obtain critical value with one sided 

Iman Davenport Test
-----------------------------------
Iman-Davenport  = -7.333333
Error in computing prob F-Function
Calculate with degree = 3 X 6 and obtain critical value with one 
	sided 

Holm Test
-----------------------------------
Control Algorithm ICA---ICA
[tenor p value] if tenor > value then there is different (see @ 
	symbol)
-----------------------------------
1 FWA---FWA20 ::: 1.423025 - 0.05 p 0.077364
2 GA---GA20o ::: 1.423025 - 0.025 p 0.077364
3 SA---SAR ::: 2.84605 - 0.016667 p 0.002213 @

Top Algorithms 3
-----------------------------------
Ranks Matrix   
-----------------------------------
1.0 2.5 2.5 
1.0 3.0 2.0 
1.0 2.0 3.0 

Friedman Test
-----------------------------------
Friedman value = 4.5
prob Chi-square function = 0.105399
Calculate with degree = 2 and obtain critical value with one sided 

Iman Davenport Test
-----------------------------------
Iman-Davenport  = 6.0
prob F-Function  = 0.0625
Calculate with degree = 2 X 4 and obtain critical value with one 
	sided 

Holm Test
-----------------------------------
Control Algorithm ICA---ICA
[tenor p value] if tenor > value then there is different (see @ 
	symbol)
-----------------------------------
1 GA---GA20o ::: 1.837117 - 0.05 p 0.033096 @
2 FWA---FWA20 ::: 1.837117 - 0.025 p 0.033096

MCD Matrix
-----------------------------------
        1.0        0.75         1.5 
        1.0         1.0         0.5 
        2.5        3.25         4.5 
        0.0         0.0         0.0 

Weights
-----------------------------------
0.3333333333333333- 0.3333333333333333- 0.3333333333333333- 

TOPSIS method
-----------------------------------

Normalized matrix
     0.3481      0.2153      0.3144 
     0.3481      0.2871      0.1048 
     0.8703      0.9333      0.9434 
        0.0         0.0         0.0 

Weighted normalized decision matrix
     0.3481      0.2153      0.3144 
     0.3481      0.2871      0.1048 
     0.8703      0.9333      0.9434 
        0.0         0.0         0.0 

V+/V-
        0.0        0.0        0.0
        0.0        0.0        0.0 

 D+       0.172      0.1544       0.529         0.0 
 D-      0.3626      0.3934         0.0       0.529 
  R      0.6782      0.7181         0.0         1.0 

-----------------------------------
  Z     4.0     3.0     2.0     1.0 

VIKOR Test
-----------------------------------
  R      0.1333      0.1333      0.3333         0.0 
  S      0.3213      0.2729         1.0         0.0 
  Q      0.3606      0.3364         1.0         0.0 
 DQ      0.3333
 Qs         3.0         1.0         0.0         2.0 
 Ss         3.0         1.0         0.0         2.0 
 Rs         3.0         1.0         0.0         2.0 
(b) better         4.0        2.0        1.0        3.0

-----------------------------------
 Rk         4.0         2.0         1.0         3.0 
