
:: Instance :: 22
:: N. Experiment.:: 4
-----------------------------------
      GA---GA20o[100000]      0.0      2.0      0.5      0.5
     FWA---FWA20[100000]      0.0      2.0      0.5      0.5
        SA---SAR[100000]      2.0      1.0     2.75     0.43
       ICA---ICA[100000]      0.0      3.0     0.25     0.43
-----------------------------------

      GA---GA20o[100000]
-----------------------------------
9 12 5 15 19 21 0 13 6 8 18 4 17 20 2 10 16 14 3 11 7 1  ::: 0.0
11 4 12 0 20 13 10 21 15 8 5 1 18 7 19 16 3 17 14 2 9 6  ::: 0.0
0 6 9 14 8 1 12 16 21 17 11 13 3 20 2 5 19 15 10 18 7 4  ::: 1.0
9 15 1 4 19 12 7 13 2 20 8 21 3 17 14 11 18 10 6 16 5 0  ::: 1.0

     FWA---FWA20[100000]
-----------------------------------
10 16 3 12 20 7 13 0 14 9 1 19 4 8 18 5 21 11 17 15 6 2  ::: 0.0
14 8 13 4 12 7 0 3 21 19 15 10 18 5 9 2 20 17 1 16 6 11  ::: 0.0
6 16 0 13 18 10 3 1 12 5 17 14 20 15 9 4 2 7 21 19 11 8  ::: 1.0
15 12 4 11 3 0 13 16 20 7 2 18 6 14 19 21 9 17 8 5 1 10  ::: 1.0

        SA---SAR[100000]
-----------------------------------
20 0 15 1 3 19 7 12 17 2 6 18 14 8 11 21 16 5 9 4 10 13  ::: 2.0
15 19 10 2 3 1 12 9 5 0 17 13 16 14 7 18 21 6 4 11 20 8  ::: 3.0
11 19 12 10 8 2 1 9 7 18 15 13 5 0 4 21 16 6 3 20 14 17  ::: 3.0
5 11 17 8 16 2 0 18 9 13 3 20 12 19 21 6 14 1 4 15 7 10  ::: 3.0

       ICA---ICA[100000]
-----------------------------------
11 4 7 19 21 17 6 9 12 15 18 20 2 8 5 14 1 10 0 16 3 13  ::: 1.0
17 14 2 8 6 0 13 21 4 7 16 20 15 10 18 5 9 1 3 11 19 12  ::: 0.0
3 9 12 20 15 7 11 0 17 6 16 2 19 8 10 5 14 1 4 18 21 13  ::: 0.0
0 13 17 9 7 10 15 1 19 4 20 18 11 5 3 16 12 21 8 6 2 14  ::: 0.0

:: Instance :: 24
:: N. Experiment.:: 4
-----------------------------------
      GA---GA20o[100000]      1.0      2.0      1.5      0.5
     FWA---FWA20[100000]      0.0      3.0     0.25     0.43
        SA---SAR[100000]      3.0      2.0      3.5      0.5
       ICA---ICA[100000]      0.0      4.0      0.0      0.0
-----------------------------------

      GA---GA20o[100000]
-----------------------------------
22 10 2 11 8 18 19 12 9 6 17 7 4 0 16 5 15 23 21 13 1 3 20 14  ::: 1.0
23 18 14 2 17 8 1 11 0 3 16 9 20 15 10 4 6 22 19 12 5 21 13 7  ::: 1.0
10 18 13 21 3 14 22 4 12 5 16 23 20 8 2 9 19 6 0 17 11 1 7 15  ::: 2.0
20 8 14 22 4 9 7 10 13 23 1 18 0 21 16 12 6 2 17 5 15 19 11 3  ::: 2.0

     FWA---FWA20[100000]
-----------------------------------
14 22 4 6 15 11 21 5 9 16 10 20 3 0 19 23 2 12 8 13 17 1 18 7  ::: 0.0
23 9 5 17 8 10 21 19 1 7 4 2 18 15 11 14 3 0 6 20 16 13 22 12  ::: 0.0
5 11 2 0 19 16 1 23 10 8 22 20 13 21 12 18 6 3 9 15 4 14 7 17  ::: 1.0
18 5 0 12 10 6 2 19 23 14 20 1 7 16 22 17 9 3 15 8 4 21 13 11  ::: 0.0

        SA---SAR[100000]
-----------------------------------
10 23 6 8 18 13 21 5 19 0 9 14 2 20 15 17 1 3 12 7 16 4 11 22  ::: 4.0
10 5 3 22 12 21 11 0 23 7 2 4 8 1 18 15 19 6 9 16 14 20 17 13  ::: 4.0
21 16 18 6 9 19 14 20 7 2 4 22 0 11 23 1 17 12 8 15 3 10 13 5  ::: 3.0
9 3 21 0 22 11 5 15 12 10 20 14 19 1 2 6 16 4 23 8 18 7 17 13  ::: 3.0

       ICA---ICA[100000]
-----------------------------------
8 23 2 15 19 16 9 13 6 10 3 0 22 20 18 12 1 5 17 21 11 4 14 7  ::: 0.0
9 6 13 15 18 23 5 17 2 7 10 1 19 0 20 4 11 21 14 22 3 12 8 16  ::: 0.0
10 15 3 16 23 12 17 22 6 4 1 11 20 5 19 9 18 21 7 2 0 14 8 13  ::: 0.0
19 8 6 0 10 7 14 16 18 23 21 5 12 2 15 3 9 20 4 11 1 17 13 22  ::: 0.0
null
Algorithms : 4 --- Instances : 2
-----------------------------------

Ranks Matrix   
-----------------------------------
2.5 2.5 4.0 1.0 
3.0 2.0 4.0 1.0 

Friedman Test
-----------------------------------
Friedman value = 8.4375
prob Chi-square function = 0.037784
Calculate with degree = 3 and obtain critical value with one sided 

Iman Davenport Test
-----------------------------------
Iman-Davenport  = -3.461538
Error in computing prob F-Function
Calculate with degree = 3 X 3 and obtain critical value with one 
	sided 

Holm Test
-----------------------------------
Control Algorithm ICA---ICA
[tenor p value] if tenor > value then there is different (see @ 
	symbol)
-----------------------------------
1 FWA---FWA20 ::: 0.968246 - 0.05 p 0.166461
2 GA---GA20o ::: 1.355544 - 0.025 p 0.087622
3 SA---SAR ::: 2.32379 - 0.016667 p 0.010068 @

Top Algorithms 3
-----------------------------------
Ranks Matrix   
-----------------------------------
1.0 2.5 2.5 
1.0 2.0 3.0 

Friedman Test
-----------------------------------
Friedman value = 3.25
prob Chi-square function = 0.196912
Calculate with degree = 2 and obtain critical value with one sided 

Iman Davenport Test
-----------------------------------
Iman-Davenport  = 4.333333
prob F-Function  = 0.1875
Calculate with degree = 2 X 2 and obtain critical value with one 
	sided 

Holm Test
-----------------------------------
Control Algorithm ICA---ICA
[tenor p value] if tenor > value then there is different (see @ 
	symbol)
-----------------------------------
1 FWA---FWA20 ::: 1.25 - 0.05 p 0.10565
2 GA---GA20o ::: 1.75 - 0.025 p 0.040059

MCD Matrix
-----------------------------------
        0.5         0.5         1.5         0.5 
        0.5         0.5        0.25       0.433 
       2.75       0.433         3.5         0.5 
       0.25       0.433         0.0         0.0 

Weights
-----------------------------------
  0.35-   0.15-   0.35-   0.15- 

TOPSIS method
-----------------------------------

Normalized matrix
     0.1754      0.5345       0.393       0.603 
     0.1754      0.5345      0.0655      0.5222 
     0.9647      0.4629      0.9171       0.603 
     0.0877      0.4629         0.0         0.0 

Weighted normalized decision matrix
     0.1754      0.5345       0.393       0.603 
     0.1754      0.5345      0.0655      0.5222 
     0.9647      0.4629      0.9171       0.603 
     0.0877      0.4629         0.0         0.0 

V+/V-
     0.0306     0.0694        0.0        0.0
     0.0306     0.0694        0.0        0.0 

 D+      0.1678      0.0878      0.4532         0.0 
 D-      0.3316      0.4066      0.0107      0.4534 
  R      0.6639      0.8223      0.0231         1.0 

-----------------------------------
  Z     4.0     3.0     2.0     1.0 

VIKOR Test
-----------------------------------
  R        0.15        0.15        0.35         0.0 
  S       0.485      0.3399        0.85         0.0 
  Q      0.4995      0.4142         1.0         0.0 
 DQ      0.3333
 Qs         3.0         1.0         0.0         2.0 
 Ss         3.0         1.0         0.0         2.0 
 Rs         3.0         1.0         0.0         2.0 
(b) better         4.0        2.0        1.0        3.0

-----------------------------------
 Rk         4.0         2.0         1.0         3.0 
