
:: Instance :: 22
:: N. Experiment.:: 4
-----------------------------------
   GA---GA30ap01[100000]      3.0      3.0     3.25     0.43
   GA---GA30ap02[100000]      1.0      1.0     1.75     0.43
   GA---GA30ap05[100000]      3.0      2.0      3.5      0.5
   GA---GA30ap10[100000]      1.0      3.0     1.25     0.43
   GA---GA30pb01[100000]      0.0      4.0      0.0      0.0
   GA---GA30pb02[100000]      0.0      4.0      0.0      0.0
   GA---GA30pb05[100000]      0.0      4.0      0.0      0.0
   GA---GA30pb10[100000]      0.0      4.0      0.0      0.0
-----------------------------------

   GA---GA30ap01[100000]
-----------------------------------
11 7 3 17 14 4 13 10 21 16 18 5 9 15 0 19 8 6 12 2 20 1  ::: 4.0
2 4 8 21 9 15 10 19 7 12 18 1 5 20 0 3 14 6 17 16 11 13  ::: 3.0
3 12 8 7 14 16 21 2 4 11 15 18 20 1 5 9 13 0 19 17 6 10  ::: 3.0
6 15 16 13 3 20 7 2 0 14 12 9 21 4 1 11 5 10 17 19 8 18  ::: 3.0

   GA---GA30ap02[100000]
-----------------------------------
7 15 13 1 16 18 5 2 8 17 14 3 0 19 4 10 21 11 20 12 9 6  ::: 2.0
2 10 17 7 3 18 20 5 13 21 8 6 19 16 14 12 9 1 4 15 0 11  ::: 2.0
9 13 6 14 2 11 1 12 4 15 3 18 20 10 16 5 19 17 0 8 21 7  ::: 1.0
20 6 15 1 10 13 21 4 17 3 5 18 12 0 8 11 7 16 19 2 9 14  ::: 2.0

   GA---GA30ap05[100000]
-----------------------------------
17 4 2 10 5 21 16 11 20 6 0 7 18 8 19 13 3 15 9 12 14 1  ::: 4.0
3 19 9 1 15 14 10 17 20 8 12 4 6 0 11 7 16 18 13 2 21 5  ::: 3.0
6 19 9 0 16 13 8 18 11 4 20 1 3 14 7 10 2 21 17 15 12 5  ::: 4.0
17 13 3 9 7 18 15 21 19 11 6 16 10 0 5 14 20 1 8 12 4 2  ::: 3.0

   GA---GA30ap10[100000]
-----------------------------------
0 15 11 8 14 1 4 10 7 16 21 13 20 6 5 19 17 12 2 9 3 18  ::: 1.0
12 21 5 7 10 20 13 16 0 17 3 9 14 18 4 15 1 11 6 2 19 8  ::: 1.0
18 0 15 9 5 19 11 14 2 13 6 20 3 1 16 4 21 10 8 17 12 7  ::: 2.0
7 1 15 5 0 11 9 16 20 13 3 19 2 18 6 12 10 4 17 14 21 8  ::: 1.0

   GA---GA30pb01[100000]
-----------------------------------
11 1 5 12 21 17 7 2 15 8 0 19 4 18 10 6 20 3 16 13 9 14  ::: 0.0
18 6 13 16 19 8 2 17 3 1 4 11 20 12 21 5 14 10 15 7 9 0  ::: 0.0
12 3 1 16 13 15 20 14 2 9 6 4 18 10 0 19 11 7 21 17 5 8  ::: 0.0
8 19 2 7 14 6 20 10 21 16 3 1 9 15 0 4 11 5 17 13 18 12  ::: 0.0

   GA---GA30pb02[100000]
-----------------------------------
17 5 2 15 12 4 1 16 11 6 20 18 13 0 19 7 10 3 9 21 8 14  ::: 0.0
15 10 16 14 2 5 19 6 11 3 18 13 17 20 0 21 7 4 8 1 12 9  ::: 0.0
16 11 21 4 15 9 2 6 14 18 7 0 3 20 12 17 19 1 13 5 10 8  ::: 0.0
20 6 10 12 14 18 5 3 1 16 4 13 9 0 2 19 17 15 21 8 11 7  ::: 0.0

   GA---GA30pb05[100000]
-----------------------------------
18 12 17 3 1 7 15 13 20 0 4 19 11 14 2 10 6 9 21 5 16 8  ::: 0.0
5 2 10 19 13 18 20 6 1 12 17 7 3 11 16 4 0 21 15 9 14 8  ::: 0.0
7 19 10 13 0 5 18 16 1 20 9 6 15 2 11 3 21 4 8 17 14 12  ::: 0.0
5 12 9 11 13 18 10 21 2 0 20 7 14 19 17 4 8 16 3 6 15 1  ::: 0.0

   GA---GA30pb10[100000]
-----------------------------------
14 10 7 5 19 17 1 6 2 15 18 8 13 4 21 11 20 3 16 12 9 0  ::: 0.0
14 11 8 1 13 16 7 2 21 17 9 4 15 18 10 19 0 5 20 6 3 12  ::: 0.0
7 13 19 8 2 18 9 15 4 1 21 17 6 14 16 10 3 0 11 5 20 12  ::: 0.0
11 20 10 16 6 3 9 2 15 21 19 5 13 1 4 7 12 0 18 8 17 14  ::: 0.0

:: Instance :: 24
:: N. Experiment.:: 4
-----------------------------------
   GA---GA30ap01[100000]      2.0      2.0     2.75     0.82
   GA---GA30ap02[100000]      3.0      4.0      3.0      0.0
   GA---GA30ap05[100000]      2.0      1.0     3.75     1.29
   GA---GA30ap10[100000]      0.0      1.0      1.5     1.11
   GA---GA30pb01[100000]      0.0      2.0      0.5      0.5
   GA---GA30pb02[100000]      0.0      4.0      0.0      0.0
   GA---GA30pb05[100000]      0.0      4.0      0.0      0.0
   GA---GA30pb10[100000]      0.0      4.0      0.0      0.0
-----------------------------------

   GA---GA30ap01[100000]
-----------------------------------
10 18 13 4 9 1 22 14 0 11 6 20 12 17 23 3 7 15 21 16 2 5 19 8  ::: 4.0
16 14 11 4 21 0 13 3 1 12 10 9 2 17 22 20 18 5 15 8 19 7 23 6  ::: 2.0
1 3 19 10 23 20 11 0 14 21 2 6 8 16 4 13 7 15 22 18 17 5 9 12  ::: 3.0
22 10 7 17 23 11 0 3 8 6 20 12 1 16 5 13 18 21 2 14 19 4 15 9  ::: 2.0

   GA---GA30ap02[100000]
-----------------------------------
3 22 13 19 12 15 4 11 10 21 7 18 1 9 23 6 16 2 8 5 0 20 14 17  ::: 3.0
3 11 6 8 15 17 4 23 20 22 18 10 12 1 9 0 2 19 14 7 21 13 5 16  ::: 3.0
11 15 12 2 23 20 6 19 0 10 13 4 16 9 5 17 1 22 8 14 18 3 21 7  ::: 3.0
7 3 17 15 20 0 16 8 21 12 9 6 4 19 14 22 10 13 2 23 5 18 1 11  ::: 3.0

   GA---GA30ap05[100000]
-----------------------------------
16 0 5 11 23 8 21 15 22 19 10 6 9 2 7 20 17 14 1 4 12 3 18 13  ::: 5.0
16 11 19 1 13 23 18 12 2 17 10 22 3 5 0 7 4 15 20 8 21 14 9 6  ::: 3.0
14 18 7 2 20 23 21 1 19 6 11 12 8 15 3 22 4 17 13 10 5 9 0 16  ::: 5.0
13 10 8 21 3 1 23 14 20 18 2 5 7 15 12 19 17 6 4 22 0 11 9 16  ::: 2.0

   GA---GA30ap10[100000]
-----------------------------------
20 12 6 3 14 17 2 21 13 16 8 5 11 22 0 18 1 23 19 10 7 9 4 15  ::: 2.0
17 21 3 11 4 10 19 16 6 15 22 2 23 12 13 5 18 20 1 7 9 0 14 8  ::: 3.0
17 13 5 9 15 12 2 6 3 23 20 16 14 10 4 1 8 18 22 19 11 0 7 21  ::: 1.0
6 3 0 7 11 8 20 17 21 14 18 23 2 9 5 12 4 1 19 13 15 10 22 16  ::: 0.0

   GA---GA30pb01[100000]
-----------------------------------
22 6 4 13 17 9 14 3 0 20 8 1 19 2 21 10 16 23 12 5 7 18 15 11  ::: 1.0
17 19 4 6 12 16 20 23 7 14 1 11 0 3 18 10 22 2 15 8 21 13 9 5  ::: 1.0
15 23 9 2 17 5 16 11 1 10 18 6 4 22 0 21 14 20 8 13 7 12 3 19  ::: 0.0
6 14 5 7 22 15 21 16 13 4 9 1 10 20 2 23 18 11 0 12 17 8 3 19  ::: 0.0

   GA---GA30pb02[100000]
-----------------------------------
1 15 7 0 4 13 17 5 20 18 9 14 22 19 8 2 23 21 3 12 10 16 11 6  ::: 0.0
14 0 3 18 8 17 12 9 5 2 15 6 19 22 1 23 7 20 10 13 16 21 11 4  ::: 0.0
14 1 4 7 20 12 3 19 17 10 13 21 8 0 22 6 2 23 11 18 15 9 16 5  ::: 0.0
22 11 17 1 9 2 19 16 8 15 4 7 3 21 18 14 23 20 10 12 6 0 5 13  ::: 0.0

   GA---GA30pb05[100000]
-----------------------------------
7 13 23 12 8 5 16 4 21 17 11 2 18 6 3 1 15 22 20 9 14 19 10 0  ::: 0.0
14 20 5 7 13 18 21 17 1 6 9 0 8 19 16 22 2 12 10 3 11 15 4 23  ::: 0.0
5 12 16 21 8 6 13 0 14 19 23 3 15 22 9 11 4 17 20 18 1 10 7 2  ::: 0.0
13 9 2 19 3 22 0 10 18 23 1 8 21 15 6 20 14 7 5 12 16 4 17 11  ::: 0.0

   GA---GA30pb10[100000]
-----------------------------------
14 18 3 5 2 21 6 11 17 15 0 23 9 20 8 1 4 22 10 12 7 16 13 19  ::: 0.0
3 11 17 20 9 0 5 15 19 16 23 13 4 1 7 2 22 18 14 10 6 21 12 8  ::: 0.0
2 6 1 19 11 16 14 21 17 9 13 3 5 23 10 4 0 15 22 20 7 12 8 18  ::: 0.0
9 16 14 4 10 13 5 17 11 1 21 2 0 7 19 22 12 15 18 8 6 23 3 20  ::: 0.0

:: Instance :: 26
:: N. Experiment.:: 4
-----------------------------------
   GA---GA30ap01[100000]      4.0      3.0     4.25     0.43
   GA---GA30ap02[100000]      1.0      2.0      2.0     1.22
   GA---GA30ap05[100000]      1.0      1.0     3.75     1.63
   GA---GA30ap10[100000]      1.0      1.0     2.25     0.82
   GA---GA30pb01[100000]      0.0      2.0      0.5      0.5
   GA---GA30pb02[100000]      0.0      4.0      0.0      0.0
   GA---GA30pb05[100000]      0.0      4.0      0.0      0.0
   GA---GA30pb10[100000]      0.0      3.0     0.25     0.43
-----------------------------------

   GA---GA30ap01[100000]
-----------------------------------
22 17 9 12 4 2 11 13 19 0 23 15 24 6 1 10 14 7 5 16 3 20 25 8 18 21  ::: 4.0
14 6 10 20 13 24 19 9 23 8 17 4 22 1 12 2 5 18 0 21 16 11 25 7 15 3  ::: 5.0
7 19 13 6 14 1 4 22 24 18 11 16 25 3 9 21 12 15 17 0 5 23 2 20 10 8  ::: 4.0
18 9 6 14 16 10 25 13 22 3 4 0 19 23 5 8 12 20 17 7 2 21 24 1 11 15  ::: 4.0

   GA---GA30ap02[100000]
-----------------------------------
19 0 11 8 22 17 12 10 15 3 24 18 20 1 25 6 9 21 2 14 16 7 23 4 13 5  ::: 1.0
20 3 7 17 10 24 21 6 2 22 15 0 5 11 9 18 23 4 14 16 8 1 19 13 25 12  ::: 4.0
6 22 17 7 20 2 16 8 10 18 3 9 1 24 19 14 12 0 25 13 23 21 4 15 11 5  ::: 2.0
20 17 12 9 19 23 4 10 5 16 24 0 18 3 13 6 8 21 11 14 2 15 22 25 7 1  ::: 1.0

   GA---GA30ap05[100000]
-----------------------------------
13 4 7 21 14 24 2 6 15 23 10 17 25 9 12 16 20 18 1 8 22 0 3 11 19 5  ::: 4.0
11 22 14 21 23 0 19 10 6 1 12 25 5 13 20 9 16 24 17 2 8 7 18 3 15 4  ::: 5.0
3 14 12 8 19 2 4 23 20 16 10 15 5 21 25 17 11 1 24 18 7 22 0 13 9 6  ::: 1.0
17 11 13 2 9 18 3 19 16 7 24 0 15 6 8 20 23 12 4 22 21 10 14 25 1 5  ::: 5.0

   GA---GA30ap10[100000]
-----------------------------------
2 18 11 19 16 10 5 1 8 22 25 12 9 20 0 3 24 21 7 17 23 13 15 6 4 14  ::: 1.0
21 9 13 2 10 18 12 1 22 24 7 20 8 11 15 23 6 17 19 0 5 14 4 25 3 16  ::: 3.0
20 4 14 12 21 2 15 6 19 5 24 17 0 18 9 16 23 1 8 11 22 3 7 10 13 25  ::: 2.0
11 8 17 21 2 5 14 9 0 22 24 12 6 20 1 7 13 23 3 18 16 25 10 4 19 15  ::: 3.0

   GA---GA30pb01[100000]
-----------------------------------
6 19 10 24 11 14 23 7 3 8 12 15 22 18 25 1 5 13 0 20 17 4 2 21 9 16  ::: 1.0
22 25 9 7 12 19 2 16 11 24 4 21 5 18 1 3 13 17 10 20 15 6 8 14 23 0  ::: 0.0
3 19 14 11 5 7 12 1 25 23 20 8 15 13 21 24 9 4 6 10 16 2 0 18 22 17  ::: 1.0
17 19 14 2 7 20 16 23 0 9 24 12 21 1 22 6 13 15 8 25 4 10 5 18 11 3  ::: 0.0

   GA---GA30pb02[100000]
-----------------------------------
2 20 9 11 22 18 4 21 23 0 15 7 12 6 3 25 17 5 24 1 14 16 19 13 8 10  ::: 0.0
5 15 10 7 20 12 25 6 21 0 8 4 13 24 16 11 22 17 1 3 23 2 14 18 9 19  ::: 0.0
22 20 15 0 10 14 4 1 7 21 6 18 16 24 17 25 8 3 23 19 13 11 5 2 12 9  ::: 0.0
18 15 8 10 0 25 6 12 23 17 22 14 2 24 1 7 20 3 11 16 4 19 21 5 9 13  ::: 0.0

   GA---GA30pb05[100000]
-----------------------------------
8 2 22 17 6 11 19 12 18 9 3 0 16 25 21 24 1 5 15 13 23 20 14 7 10 4  ::: 0.0
20 6 3 9 22 17 8 1 11 7 23 4 19 24 18 15 13 25 10 5 16 2 21 12 14 0  ::: 0.0
14 5 21 9 16 10 15 4 25 20 18 7 1 23 13 2 0 8 19 22 12 3 17 11 24 6  ::: 0.0
12 25 16 22 20 15 24 3 14 8 4 0 9 6 2 18 23 17 19 21 11 7 1 13 5 10  ::: 0.0

   GA---GA30pb10[100000]
-----------------------------------
17 22 2 15 6 16 14 4 1 5 9 24 10 0 18 25 21 8 13 20 23 3 11 7 12 19  ::: 0.0
11 9 12 2 16 23 10 5 17 0 24 6 18 20 8 3 13 19 1 4 7 14 22 15 25 21  ::: 0.0
5 2 10 20 7 19 13 6 24 18 23 11 4 25 16 0 12 14 22 1 15 8 3 21 17 9  ::: 0.0
20 10 8 2 12 9 0 22 18 4 15 11 19 25 3 6 17 1 16 21 23 14 5 13 24 7  ::: 1.0
null
Algorithms : 8 --- Instances : 3
-----------------------------------------------

Ranks Matrix   
-----------------------------------------------
7.0 6.0 8.0 5.0 2.5 2.5 2.5 2.5 
6.0 7.0 8.0 5.0 4.0 2.0 2.0 2.0 
8.0 5.0 7.0 6.0 4.0 1.5 1.5 3.0 

Friedman Test
-----------------------------------------------
Friedman value = 18.3611
prob Chi-square function = 0.0104
Calculate with degree = 7 and obtain critical value with one sided 
Critical value = 14.0671   alpha = 0.05

Iman-Davenport Test
-----------------------------------------------
Iman-Davenport  = 13.9158
prob F-Function  = 0.0
Calculate with degree = 7 X 14 and obtain critical value with one 
	sided 
Critical value = 2.7642   alpha = 0.05

Holm Test
-----------------------------------------------
Control Algorithm GA---GA30pb02
[tenor p value] if tenor > value then there is differences (see @ 
	symbol)
-----------------------------------------------
1 GA---GA30pb05 ::: 0.0 - 0.05 p 0.5
2 GA---GA30pb10 ::: 0.25 - 0.025 p 0.4013
3 GA---GA30pb01 ::: 0.75 - 0.0167 p 0.2266
4 GA---GA30ap10 ::: 1.6667 - 0.0125 p 0.0478
5 GA---GA30ap02 ::: 2.0 - 0.01 p 0.0228
6 GA---GA30ap01 ::: 2.5 - 0.0083 p 0.0062 @
7 GA---GA30ap05 ::: 2.8333 - 0.0071 p 0.0023 @

Top Algorithms 3
-----------------------------------------------

Ranks Matrix   
-----------------------------------------------
2.0 2.0 2.0 
2.0 2.0 2.0 
1.5 1.5 3.0 

Friedman Test
-----------------------------------------------
Friedman value = 0.5
prob Chi-square function = 0.7788
Calculate with degree = 2 and obtain critical value with one sided 
Critical value = 5.9915   alpha = 0.05

Iman-Davenport Test
-----------------------------------------------
Iman-Davenport  = 0.1818
prob F-Function  = 0.8403
Calculate with degree = 2 X 4 and obtain critical value with one 
	sided 
Critical value = 6.9443   alpha = 0.05

Holm Test
-----------------------------------------------
Control Algorithm GA---GA30pb05
[tenor p value] if tenor > value then there is differences (see @ 
	symbol)
-----------------------------------------------
1 GA---GA30pb02 ::: 0.0 - 0.05 p 0.5
2 GA---GA30pb10 ::: 0.6124 - 0.025 p 0.2701

MCD Matrix
-----------------------------------------------
       3.25        2.75        4.25 
       1.75         3.0         2.0 
        3.5        3.75        3.75 
       1.25         1.5        2.25 
        0.0         0.5         0.5 
        0.0         0.0         0.0 
        0.0         0.0         0.0 
        0.0         0.0        0.25 

Weights
-----------------------------------------------
0.3333333333333333- 0.3333333333333333- 0.3333333333333333- 

***********************************************
*******     TOPSIS method               *******
***********************************************

Normalized matrix
     0.6204      0.4778      0.6597 
      0.334      0.5212      0.3104 
     0.6681      0.6515      0.5821 
     0.2386      0.2606      0.3492 
        0.0      0.0868      0.0776 
        0.0         0.0         0.0 
        0.0         0.0         0.0 
        0.0         0.0      0.0388 

Weighted normalized decision matrix
     0.2068      0.1592      0.2199 
     0.1113      0.1737      0.1034 
     0.2227      0.2171       0.194 
     0.0795      0.0868      0.1164 
        0.0      0.0289      0.0258 
        0.0         0.0         0.0 
        0.0         0.0         0.0 
        0.0         0.0      0.0129 

V+/V-
        0.0        0.0        0.0
     0.2227     0.2171     0.2199 

 D+      0.3413      0.2308      0.3666      0.1656      0.0388         0.0         0.0      0.0129 
 D-        0.06      0.1668      0.0258      0.2195      0.3502      0.3809      0.3809      0.3736 
  R      0.1496      0.4195      0.0659      0.5699      0.9002         1.0         1.0      0.9665 

-----------------------------------------------
  Z         6.0         7.0         8.0         5.0         4.0         2.0         1.0         3.0 

***********************************************
*******     VIKOR Test                  *******
***********************************************

  R      0.3333      0.2666      0.3333      0.1764      0.0444         0.0         0.0      0.0196 
  S      0.8873      0.5901      0.9607      0.4288      0.0836         0.0         0.0      0.0196 
 vFactor         0.5
  Q      0.9617      0.7071         1.0      0.4878      0.1102         0.0         0.0      0.0396 
 DQ      0.1428

 Qs         6.0         7.0         8.0         5.0         4.0         2.0         1.0         3.0 
 Ss         6.0         7.0         8.0         5.0         4.0         2.0         1.0         3.0 
 Rs         6.0         7.0         8.0         5.0         4.0         2.0         3.0         1.0 
(b) better         6.0        7.0        8.0        5.0        4.0        2.0        1.0        3.0

-----------------------------------------------
 Rk         6.0         7.0         8.0         5.0         4.0         2.0         1.0         3.0 

***********************************************
*******     PROMETHEE Test              *******
***********************************************

Alternative 1
  X        3.25        1.75         3.5        1.25         0.0         0.0         0.0         0.0 
      
        0.0         0.0         0.0         0.0         0.0         0.0         0.0         0.0 
        0.5         0.0        0.75         0.0         0.0         0.0         0.0         0.0 
        0.0         0.0         0.0         0.0         0.0         0.0         0.0         0.0 
        1.0         0.0         1.0         0.0         0.0         0.0         0.0         0.0 
        1.0        0.75         1.0        0.25         0.0         0.0         0.0         0.0 
        1.0        0.75         1.0        0.25         0.0         0.0         0.0         0.0 
        1.0        0.75         1.0        0.25         0.0         0.0         0.0         0.0 
        1.0        0.75         1.0        0.25         0.0         0.0         0.0         0.0 
 NF      0.7857      0.4285      0.8214      0.1428         0.0         0.0         0.0         0.0 
 PF         0.0      0.1785         0.0      0.2857      0.4285      0.4285      0.4285      0.4285 
 WF     -0.7857       -0.25     -0.8214      0.1428      0.4285      0.4285      0.4285      0.4285 

Alternative 2
  X        2.75         3.0        3.75         1.5         0.5         0.0         0.0         0.0 
      
        0.0         0.0         0.0         0.0         0.0         0.0         0.0         0.0 
        0.0         0.0         0.0         0.0         0.0         0.0         0.0         0.0 
        0.0         0.0         0.0         0.0         0.0         0.0         0.0         0.0 
       0.25         0.5         1.0         0.0         0.0         0.0         0.0         0.0 
        1.0         1.0         1.0         0.0         0.0         0.0         0.0         0.0 
        1.0         1.0         1.0         0.5         0.0         0.0         0.0         0.0 
        1.0         1.0         1.0         0.5         0.0         0.0         0.0         0.0 
        1.0         1.0         1.0         0.5         0.0         0.0         0.0         0.0 
 NF      0.6071      0.6428      0.7142      0.2142         0.0         0.0         0.0         0.0 
 PF         0.0         0.0         0.0        0.25      0.4285         0.5         0.5         0.5 
 WF     -0.6071     -0.6428     -0.7142      0.0357      0.4285         0.5         0.5         0.5 

Alternative 3
  X        4.25         2.0        3.75        2.25         0.5         0.0         0.0        0.25 
      
        0.0         0.0         0.0         0.0         0.0         0.0         0.0         0.0 
        1.0         0.0        0.75         0.0         0.0         0.0         0.0         0.0 
        0.0         0.0         0.0         0.0         0.0         0.0         0.0         0.0 
        1.0         0.0         0.5         0.0         0.0         0.0         0.0         0.0 
        1.0         0.5         1.0        0.75         0.0         0.0         0.0         0.0 
        1.0         1.0         1.0         1.0         0.0         0.0         0.0         0.0 
        1.0         1.0         1.0         1.0         0.0         0.0         0.0         0.0 
        1.0        0.75         1.0         1.0         0.0         0.0         0.0         0.0 
 NF      0.8571      0.4642        0.75      0.5357         0.0         0.0         0.0         0.0 
 PF         0.0        0.25         0.0      0.2142      0.4642      0.5714      0.5714      0.5357 
 WF     -0.8571     -0.2142       -0.75     -0.3214      0.4642      0.5714      0.5714      0.5357 
 FL     -0.7499      -0.369     -0.7619     -0.0476      0.4404         0.5         0.5       0.488 

-----------------------------------------------
  Z         6.0         7.0         8.0         5.0         4.0         2.0         1.0         3.0 

***********************************************
*******     SIR Test                    *******
***********************************************
   S   
        0.0         0.0         0.0 
       1.25         0.0        1.75 
        0.0         0.0         0.0 
        2.0        1.75         1.5 
        3.0         3.0        3.25 
        3.0         3.5         4.0 
        3.0         3.5         4.0 
        3.0         3.5        3.75 

   I   
        5.5        4.25         6.0 
        3.0         4.5        3.25 
       5.75         5.0        5.25 
        1.0         1.5        3.75 
        0.0         0.0         0.0 
        0.0         0.0         0.0 
        0.0         0.0         0.0 
        0.0         0.0         0.0 

Sflow         0.0      0.3226         0.0      0.4872      0.8556         1.0         1.0      0.9596 
Iflow      0.9207      0.6167       0.925      0.3971         0.0         0.0         0.0         0.0 
nflow     -0.9207      -0.294      -0.925        0.09      0.8556         1.0         1.0      0.9596 
rflow         0.0      0.3434         0.0      0.5509         1.0         1.0         1.0         1.0 

-----------------------------------------------
  Z         5.0         6.0         7.0         8.0         4.0         2.0         3.0         1.0 
