
:: Instance :: 22
:: N. Experiment.:: 4
-----------------------------------
      GA---GA20o[100000]      0.0      1.0      1.0      0.7
     FWA---FWA20[100000]      0.0      3.0     0.25     0.43
        SA---SAR[100000]      2.0      2.0      2.5      0.5
       ICA---ICA[100000]      0.0      4.0      0.0      0.0
-----------------------------------

      GA---GA20o[100000]
-----------------------------------
2 7 5 18 11 13 4 16 1 19 21 8 0 17 10 14 6 3 9 20 12 15  ::: 0.0
9 13 16 14 3 8 2 20 12 10 5 0 17 19 11 7 18 21 6 4 1 15  ::: 1.0
3 17 21 9 13 6 4 1 19 16 20 15 12 8 5 0 18 14 10 7 2 11  ::: 1.0
4 17 12 6 3 19 21 1 20 7 11 16 18 10 5 0 9 15 8 14 2 13  ::: 2.0

     FWA---FWA20[100000]
-----------------------------------
15 10 18 7 14 16 3 1 20 4 6 19 13 11 5 0 21 9 17 12 2 8  ::: 1.0
9 11 0 5 15 17 12 3 16 2 10 14 4 20 1 19 13 6 8 18 21 7  ::: 0.0
7 10 18 20 12 19 4 1 13 6 21 2 0 9 15 17 3 16 8 11 5 14  ::: 0.0
14 4 8 15 5 12 6 0 21 19 1 16 7 10 2 9 20 13 17 3 18 11  ::: 0.0

        SA---SAR[100000]
-----------------------------------
0 12 5 20 9 11 2 21 7 13 1 19 17 14 4 10 18 15 3 16 6 8  ::: 3.0
8 18 5 17 10 0 4 7 15 21 11 20 16 3 19 14 2 13 9 6 12 1  ::: 2.0
10 4 20 17 11 7 1 13 21 14 9 0 16 5 2 12 18 8 3 19 6 15  ::: 2.0
14 0 5 13 11 17 2 16 21 10 3 6 20 8 19 12 18 15 9 1 4 7  ::: 3.0

       ICA---ICA[100000]
-----------------------------------
13 7 19 17 3 14 11 5 8 21 1 18 2 15 10 0 9 6 4 20 12 16  ::: 0.0
2 12 14 19 7 9 3 1 16 8 20 17 21 13 5 10 4 6 0 15 18 11  ::: 0.0
12 7 4 14 5 21 1 20 11 16 6 2 17 10 18 9 15 3 0 19 8 13  ::: 0.0
18 12 14 7 4 2 19 16 13 0 5 9 20 6 15 21 1 11 17 8 10 3  ::: 0.0

:: Instance :: 24
:: N. Experiment.:: 4
-----------------------------------
      GA---GA20o[100000]      0.0      1.0     0.75     0.43
     FWA---FWA20[100000]      0.0      1.0     0.75     0.43
        SA---SAR[100000]      2.0      1.0      3.5     0.86
       ICA---ICA[100000]      0.0      4.0      0.0      0.0
-----------------------------------

      GA---GA20o[100000]
-----------------------------------
10 7 13 17 12 19 22 20 11 2 15 3 1 9 23 6 16 21 0 4 14 5 8 18  ::: 1.0
1 12 20 6 10 22 19 23 2 9 15 13 16 3 21 8 4 0 14 17 11 5 7 18  ::: 1.0
13 9 6 14 0 22 20 12 10 19 21 18 4 1 11 5 7 15 17 2 23 3 8 16  ::: 1.0
16 9 11 5 10 19 1 4 20 12 21 7 22 13 15 8 3 0 17 23 18 6 14 2  ::: 0.0

     FWA---FWA20[100000]
-----------------------------------
5 22 11 0 7 21 12 13 20 1 14 4 23 9 16 6 3 17 19 8 18 15 10 2  ::: 1.0
4 18 21 23 10 5 1 20 9 7 2 14 8 0 16 6 12 22 17 3 13 15 19 11  ::: 1.0
19 8 11 2 12 18 1 17 0 3 10 15 23 14 16 6 22 5 21 9 13 4 7 20  ::: 0.0
10 20 6 4 12 1 11 13 21 15 2 14 3 22 9 17 23 16 18 0 7 19 8 5  ::: 1.0

        SA---SAR[100000]
-----------------------------------
0 20 6 2 16 12 1 18 11 15 8 5 14 17 19 23 21 7 10 4 3 22 13 9  ::: 4.0
10 5 14 16 3 6 12 7 9 18 20 1 19 11 8 0 21 17 15 22 4 23 13 2  ::: 4.0
22 9 6 16 20 1 3 10 18 14 5 2 23 13 7 21 17 11 4 12 0 8 19 15  ::: 4.0
9 14 19 1 16 6 13 21 23 3 20 7 12 0 22 17 5 8 11 18 10 2 4 15  ::: 2.0

       ICA---ICA[100000]
-----------------------------------
13 17 7 20 8 5 0 19 14 6 21 9 15 22 2 23 12 4 1 18 10 3 11 16  ::: 0.0
16 5 2 0 7 12 18 13 4 20 11 19 22 15 23 8 3 1 9 14 6 10 21 17  ::: 0.0
14 22 0 15 3 7 2 23 8 12 18 16 1 19 5 10 4 21 11 20 6 13 9 17  ::: 0.0
12 16 7 2 0 21 4 14 22 13 10 20 6 1 9 17 3 8 19 5 23 18 11 15  ::: 0.0

:: Instance :: 26
:: N. Experiment.:: 4
-----------------------------------
      GA---GA20o[100000]      1.0      3.0     1.25     0.43
     FWA---FWA20[100000]      0.0      1.0     0.75     0.43
        SA---SAR[100000]      4.0      2.0      4.5      0.5
       ICA---ICA[100000]      0.0      4.0      0.0      0.0
-----------------------------------

      GA---GA20o[100000]
-----------------------------------
11 5 1 10 4 19 12 22 20 25 18 21 9 14 6 0 7 13 23 3 15 24 16 2 17 8  ::: 2.0
20 3 13 0 18 12 23 17 6 9 15 1 4 22 7 21 11 25 14 24 19 10 16 5 2 8  ::: 1.0
7 11 17 25 0 3 15 4 12 9 22 6 19 14 20 18 8 5 23 21 10 2 13 16 1 24  ::: 1.0
6 14 9 11 24 15 2 0 22 20 12 10 13 3 5 18 8 1 23 7 16 19 17 4 21 25  ::: 1.0

     FWA---FWA20[100000]
-----------------------------------
9 7 20 15 23 10 8 21 25 4 6 19 13 18 24 22 16 0 3 1 14 5 2 12 17 11  ::: 1.0
13 25 17 22 4 16 18 0 14 5 20 9 15 3 1 8 2 12 19 21 24 10 6 11 23 7  ::: 1.0
24 18 12 5 22 1 15 4 19 21 10 14 0 2 9 20 6 25 16 3 13 8 23 17 7 11  ::: 1.0
3 12 9 13 5 14 25 19 16 24 2 10 6 15 18 20 7 23 4 17 0 8 22 11 1 21  ::: 0.0

        SA---SAR[100000]
-----------------------------------
18 0 11 4 15 19 23 14 2 13 1 3 20 10 25 16 21 7 22 6 8 17 24 12 9 5  ::: 4.0
3 5 24 10 19 21 25 4 13 7 18 11 6 20 22 2 9 12 1 15 0 14 23 17 8 16  ::: 5.0
15 8 10 24 5 14 17 0 18 22 12 23 4 11 3 20 13 16 19 9 1 21 7 2 6 25  ::: 4.0
23 20 13 21 25 6 11 0 12 1 8 5 14 19 3 10 22 17 18 16 2 7 9 24 15 4  ::: 5.0

       ICA---ICA[100000]
-----------------------------------
10 6 16 22 17 3 18 13 4 25 19 12 7 1 8 15 24 0 20 23 11 14 21 5 9 2  ::: 0.0
17 12 4 1 22 13 2 8 3 24 15 25 19 10 23 14 5 21 6 11 20 7 0 16 18 9  ::: 0.0
22 14 6 13 21 4 7 19 3 20 18 25 5 10 17 15 2 23 1 8 12 0 24 11 9 16  ::: 0.0
8 22 5 1 13 7 25 4 18 21 15 10 3 14 0 9 23 2 24 19 16 11 6 12 17 20  ::: 0.0
null
Algorithms : 4 --- Instances : 3
-----------------------------------

Ranks Matrix   
-----------------------------------
3.0 2.0 4.0 1.0 
2.5 2.5 4.0 1.0 
3.0 2.0 4.0 1.0 

Friedman Test
-----------------------------------
Friedman value = 12.875
prob Chi-square function = 0.004915
Calculate with degree = 3 and obtain critical value with one sided 

Iman Davenport Test
-----------------------------------
Iman-Davenport  = -6.645161
Error in computing prob F-Function
Calculate with degree = 3 X 6 and obtain critical value with one 
	sided 

Holm Test
-----------------------------------
Control Algorithm ICA---ICA
[tenor p value] if tenor > value then there is different (see @ 
	symbol)
-----------------------------------
1 FWA---FWA20 ::: 1.106797 - 0.05 p 0.134191
2 GA---GA20o ::: 1.739253 - 0.025 p 0.040995
3 SA---SAR ::: 2.84605 - 0.016667 p 0.002213 @

Top Algorithms 3
-----------------------------------
Ranks Matrix   
-----------------------------------
1.0 2.0 3.0 
1.0 2.5 2.5 
1.0 2.0 3.0 

Friedman Test
-----------------------------------
Friedman value = 5.166667
prob Chi-square function = 0.075522
Calculate with degree = 2 and obtain critical value with one sided 

Iman Davenport Test
-----------------------------------
Iman-Davenport  = 12.4
prob F-Function  = 0.01929
Calculate with degree = 2 X 4 and obtain critical value with one 
	sided 

Holm Test
-----------------------------------
Control Algorithm ICA---ICA
[tenor p value] if tenor > value then there is different (see @ 
	symbol)
-----------------------------------
1 FWA---FWA20 ::: 1.428869 - 0.05 p 0.076521
2 GA---GA20o ::: 2.245366 - 0.025 p 0.012372 @

MCD Matrix
-----------------------------------
        1.0        0.75        1.25 
       0.25        0.75        0.75 
        2.5         3.5         4.5 
        0.0         0.0         0.0 

Weights
-----------------------------------
0.3333333333333333- 0.3333333333333333- 0.3333333333333333- 

TOPSIS method
-----------------------------------

Normalized matrix
     0.3698       0.205      0.2642 
     0.0924       0.205      0.1585 
     0.9245       0.957      0.9513 
        0.0         0.0         0.0 

Weighted normalized decision matrix
     0.3698       0.205      0.2642 
     0.0924       0.205      0.1585 
     0.9245       0.957      0.9513 
        0.0         0.0         0.0 

V+/V-
        0.0        0.0        0.0
        0.0        0.0        0.0 

 D+      0.1662      0.0917      0.5452         0.0 
 D-      0.3866      0.4577         0.0      0.5452 
  R      0.6993       0.833         0.0         1.0 

-----------------------------------
  Z     4.0     3.0     2.0     1.0 

VIKOR Test
-----------------------------------
  R      0.1333      0.0714      0.3333         0.0 
  S      0.2973      0.1603         1.0         0.0 
  Q      0.3486      0.1873         1.0         0.0 
 DQ      0.3333
 Qs         3.0         1.0         0.0         2.0 
 Ss         3.0         1.0         0.0         2.0 
 Rs         3.0         1.0         0.0         2.0 
(b) better         4.0        2.0        1.0        3.0

-----------------------------------
 Rk         4.0         2.0         1.0         3.0 

PROMETHEE Test
-----------------------------------

Alternative 1
  X         1.0        0.25         2.5         0.0 
        0.0         0.0         0.5         0.0 
        0.0         0.0         1.0         0.0 
        0.0         0.0         0.0         0.0 
        0.0         0.0         1.0         0.0 
 NF         0.0         0.0      0.8333         0.0 
 PF      0.1666      0.3333         0.0      0.3333 
 WF      0.1666      0.3333     -0.8333      0.3333 

Alternative 2
  X        0.75        0.75         3.5         0.0 
        0.0         0.0         1.0         0.0 
        0.0         0.0         1.0         0.0 
        0.0         0.0         0.0         0.0 
        0.0         0.0         1.0         0.0 
 NF         0.0         0.0         1.0         0.0 
 PF      0.3333      0.3333         0.0      0.3333 
 WF      0.3333      0.3333        -1.0      0.3333 

Alternative 3
  X        1.25        0.75         4.5         0.0 
        0.0         0.0         1.0         0.0 
        0.0         0.0         1.0         0.0 
        0.0         0.0         0.0         0.0 
       0.25         0.0         1.0         0.0 
 NF      0.0833         0.0         1.0         0.0 
 PF      0.3333      0.3333         0.0      0.4166 
 WF        0.25      0.3333        -1.0      0.4166 
 FL        0.25      0.3333     -0.9444      0.3611 
