
:: Instance :: 22
:: N. Experiment.:: 4
-----------------------------------
      GA---GA20o[100000]      1.0      4.0      1.0      0.0
     FWA---FWA20[100000]      0.0      2.0     0.75     0.82
        SA---SAR[100000]      2.0      1.0     2.75     0.43
       ICA---ICA[100000]      0.0      4.0      0.0      0.0
-----------------------------------

      GA---GA20o[100000]
-----------------------------------
0 17 10 7 19 4 13 1 6 11 15 20 18 14 3 2 8 12 21 9 16 5  ::: 1.0
16 9 6 21 19 10 8 0 17 20 2 11 13 4 12 5 3 1 14 18 15 7  ::: 1.0
14 10 5 9 1 18 13 11 2 17 3 7 4 8 15 20 6 0 16 21 19 12  ::: 1.0
11 2 10 18 9 4 1 17 15 8 19 7 3 13 16 5 20 14 21 0 12 6  ::: 1.0

     FWA---FWA20[100000]
-----------------------------------
12 16 4 13 10 6 18 20 15 1 19 7 3 17 8 11 21 14 2 9 5 0  ::: 2.0
0 16 18 11 17 8 4 12 10 19 14 1 3 20 15 21 9 13 5 7 2 6  ::: 0.0
19 17 2 8 5 9 4 1 16 18 13 21 0 10 7 14 6 3 20 11 15 12  ::: 1.0
10 18 9 6 2 17 20 8 19 14 3 7 4 12 16 5 1 21 15 13 11 0  ::: 0.0

        SA---SAR[100000]
-----------------------------------
12 20 1 14 7 3 11 21 18 9 6 4 19 10 16 5 17 2 0 8 15 13  ::: 2.0
6 3 1 13 19 2 4 12 0 18 14 11 5 16 21 15 10 20 7 9 8 17  ::: 3.0
15 12 16 9 1 18 21 10 0 13 20 6 14 3 5 19 17 11 7 2 4 8  ::: 3.0
12 6 3 7 20 4 13 10 8 2 16 21 17 15 11 0 14 5 9 19 1 18  ::: 3.0

       ICA---ICA[100000]
-----------------------------------
3 17 9 13 0 4 7 12 2 20 16 19 10 1 14 6 18 21 15 8 5 11  ::: 0.0
12 5 11 18 7 4 17 15 2 19 10 16 13 3 21 0 8 1 20 14 6 9  ::: 0.0
3 0 15 7 1 16 8 13 18 2 6 20 10 5 21 4 17 12 9 19 14 11  ::: 0.0
0 15 9 20 10 14 2 11 18 12 5 19 1 4 8 17 21 3 6 16 7 13  ::: 0.0

:: Instance :: 24
:: N. Experiment.:: 4
-----------------------------------
      GA---GA20o[100000]      0.0      1.0      1.0      0.7
     FWA---FWA20[100000]      1.0      3.0     1.25     0.43
        SA---SAR[100000]      3.0      2.0      3.5      0.5
       ICA---ICA[100000]      0.0      4.0      0.0      0.0
-----------------------------------

      GA---GA20o[100000]
-----------------------------------
10 17 7 22 18 1 14 19 6 15 5 2 4 20 13 8 16 11 3 0 21 23 9 12  ::: 0.0
9 17 0 18 7 19 13 3 8 22 15 4 23 14 16 10 1 21 5 2 12 20 6 11  ::: 2.0
18 11 1 4 16 12 15 3 7 22 14 0 10 21 5 8 13 20 23 19 6 9 17 2  ::: 1.0
19 17 6 11 9 5 21 14 7 2 22 20 10 15 3 1 4 8 12 18 16 13 23 0  ::: 1.0

     FWA---FWA20[100000]
-----------------------------------
4 22 12 15 13 16 14 1 7 23 0 17 8 6 2 20 11 9 18 3 5 10 19 21  ::: 1.0
5 21 16 1 4 6 8 20 7 19 13 14 0 22 10 23 3 9 2 12 17 15 11 18  ::: 1.0
22 10 0 21 19 11 6 15 1 16 4 2 8 13 3 18 20 14 17 9 12 23 5 7  ::: 2.0
19 22 1 17 10 21 4 9 5 14 20 11 3 8 18 2 23 7 0 15 13 6 16 12  ::: 1.0

        SA---SAR[100000]
-----------------------------------
1 20 16 9 21 18 13 7 10 4 6 15 12 22 3 23 14 11 2 17 19 8 0 5  ::: 4.0
2 14 11 9 20 17 5 22 12 7 0 8 15 23 19 10 1 3 6 13 18 21 4 16  ::: 3.0
10 14 21 4 1 19 2 12 20 9 16 3 13 6 23 18 15 0 22 17 7 11 8 5  ::: 3.0
23 18 12 2 22 11 9 21 1 6 15 14 8 20 3 7 16 4 19 5 10 0 13 17  ::: 4.0

       ICA---ICA[100000]
-----------------------------------
6 20 9 15 19 4 23 10 16 3 12 2 8 22 0 13 21 17 1 7 5 11 14 18  ::: 0.0
3 21 6 4 22 5 8 17 13 7 18 20 11 19 1 10 23 0 2 16 9 15 12 14  ::: 0.0
23 12 6 9 3 10 22 15 21 0 17 7 5 13 11 18 4 19 1 20 14 16 2 8  ::: 0.0
12 23 17 19 22 11 8 6 9 1 13 0 3 20 18 15 21 10 2 16 14 4 7 5  ::: 0.0

:: Instance :: 26
:: N. Experiment.:: 4
-----------------------------------
      GA---GA20o[100000]      1.0      4.0      1.0      0.0
     FWA---FWA20[100000]      1.0      4.0      1.0      0.0
        SA---SAR[100000]      4.0      2.0      4.5      0.5
       ICA---ICA[100000]      0.0      4.0      0.0      0.0
-----------------------------------

      GA---GA20o[100000]
-----------------------------------
20 7 15 3 16 8 25 22 17 0 12 10 4 6 24 11 14 1 5 23 21 18 2 13 9 19  ::: 1.0
23 18 20 4 9 15 6 19 12 25 7 17 21 8 13 0 24 1 14 10 22 3 16 2 11 5  ::: 1.0
1 22 7 2 20 8 13 21 3 24 12 9 4 18 23 6 16 10 0 15 5 25 19 17 14 11  ::: 1.0
17 5 12 2 6 11 14 1 24 10 19 22 0 25 9 13 8 4 23 16 20 18 15 7 3 21  ::: 1.0

     FWA---FWA20[100000]
-----------------------------------
6 19 17 15 1 10 16 5 3 25 21 2 12 20 0 11 8 4 7 9 23 14 24 22 18 13  ::: 1.0
10 13 24 5 21 11 7 23 1 20 2 8 19 4 14 18 25 22 17 15 3 16 0 9 12 6  ::: 1.0
6 17 14 22 1 5 8 21 11 0 2 13 23 20 12 24 4 10 3 18 16 25 9 7 19 15  ::: 1.0
12 18 25 0 5 20 10 15 3 1 4 9 19 16 14 21 7 22 8 23 13 17 2 11 6 24  ::: 1.0

        SA---SAR[100000]
-----------------------------------
20 5 15 7 14 0 3 24 16 21 25 9 1 6 13 8 18 4 23 19 17 12 10 22 2 11  ::: 5.0
1 12 17 7 2 23 22 16 25 0 9 5 15 18 6 10 20 24 11 19 14 3 8 4 13 21  ::: 5.0
25 19 17 14 20 7 1 21 8 4 0 10 15 6 18 11 2 23 12 24 3 13 22 5 9 16  ::: 4.0
9 24 6 2 10 18 21 4 13 20 25 19 15 5 1 11 23 3 7 12 8 16 0 17 14 22  ::: 4.0

       ICA---ICA[100000]
-----------------------------------
12 18 20 3 7 15 11 22 19 1 6 17 21 0 9 16 5 25 8 13 4 14 24 2 10 23  ::: 0.0
18 8 19 17 15 10 5 9 0 3 14 21 25 1 11 2 22 12 16 20 23 7 4 13 24 6  ::: 0.0
18 15 5 22 25 4 2 16 20 17 1 8 19 23 6 9 11 0 24 3 21 14 12 10 13 7  ::: 0.0
10 13 3 6 21 7 14 4 0 18 24 17 1 8 5 22 20 15 23 12 2 9 16 19 11 25  ::: 0.0
null
Algorithms : 4 --- Instances : 3
-----------------------------------

Ranks Matrix   
-----------------------------------
3.0 2.0 4.0 1.0 
2.0 3.0 4.0 1.0 
2.5 2.5 4.0 1.0 

Friedman Test
-----------------------------------
Friedman value = 12.375
prob Chi-square function = 0.006203
Calculate with degree = 3 and obtain critical value with one sided 

Iman Davenport Test
-----------------------------------
Iman-Davenport  = -7.333333
Error in computing prob F-Function
Calculate with degree = 3 X 6 and obtain critical value with one 
	sided 

Holm Test
-----------------------------------
Control Algorithm ICA---ICA
[tenor p value] if tenor > value then there is different (see @ 
	symbol)
-----------------------------------
1 FWA---FWA20 ::: 1.423025 - 0.05 p 0.077364
2 GA---GA20o ::: 1.423025 - 0.025 p 0.077364
3 SA---SAR ::: 2.84605 - 0.016667 p 0.002213 @

Top Algorithms 3
-----------------------------------
Ranks Matrix   
-----------------------------------
1.0 2.0 3.0 
1.0 3.0 2.0 
1.0 2.5 2.5 

Friedman Test
-----------------------------------
Friedman value = 4.5
prob Chi-square function = 0.105399
Calculate with degree = 2 and obtain critical value with one sided 

Iman Davenport Test
-----------------------------------
Iman-Davenport  = 6.0
prob F-Function  = 0.0625
Calculate with degree = 2 X 4 and obtain critical value with one 
	sided 

Holm Test
-----------------------------------
Control Algorithm ICA---ICA
[tenor p value] if tenor > value then there is different (see @ 
	symbol)
-----------------------------------
1 GA---GA20o ::: 1.837117 - 0.05 p 0.033096 @
2 FWA---FWA20 ::: 1.837117 - 0.025 p 0.033096

MCD Matrix
-----------------------------------
        1.0         1.0         1.0 
       0.75        1.25         1.0 
       2.75         3.5         4.5 
        0.0         0.0         0.0 

Weights
-----------------------------------
0.3333333333333333- 0.3333333333333333- 0.3333333333333333- 

TOPSIS method
-----------------------------------

Normalized matrix
      0.331      0.2598      0.2119 
     0.2482      0.3247      0.2119 
     0.9103      0.9093      0.9539 
        0.0         0.0         0.0 

Weighted normalized decision matrix
      0.331      0.2598      0.2119 
     0.2482      0.3247      0.2119 
     0.9103      0.9093      0.9539 
        0.0         0.0         0.0 

V+/V-
        0.0        0.0        0.0
        0.0        0.0        0.0 

 D+       0.157      0.1535      0.5339         0.0 
 D-      0.3812      0.3845         0.0      0.5339 
  R      0.7082      0.7146         0.0         1.0 

-----------------------------------
  Z     4.0     3.0     2.0     1.0 

VIKOR Test
-----------------------------------
  R      0.1212       0.119      0.3333         0.0 
  S      0.2905       0.284         1.0         0.0 
  Q       0.327      0.3205         1.0         0.0 
 DQ      0.3333
 Qs         3.0         1.0         0.0         2.0 
 Ss         3.0         1.0         0.0         2.0 
 Rs         3.0         1.0         0.0         2.0 
(b) better         4.0        2.0        1.0        3.0

-----------------------------------
 Rk         4.0         2.0         1.0         3.0 

PROMETHEE Test
-----------------------------------

Alternative 1
  X         1.0        0.75        2.75         0.0 
        0.0         0.0        0.75         0.0 
        0.0         0.0         1.0         0.0 
        0.0         0.0         0.0         0.0 
        0.0         0.0         1.0         0.0 
 NF         0.0         0.0      0.9166         0.0 
 PF        0.25      0.3333         0.0      0.3333 
 WF        0.25      0.3333     -0.9166      0.3333 

Alternative 2
  X         1.0        1.25         3.5         0.0 
        0.0         0.0         1.0         0.0 
        0.0         0.0         1.0         0.0 
        0.0         0.0         0.0         0.0 
        0.0        0.25         1.0         0.0 
 NF         0.0      0.0833         1.0         0.0 
 PF      0.3333      0.3333         0.0      0.4166 
 WF      0.3333        0.25        -1.0      0.4166 

Alternative 3
  X         1.0         1.0         4.5         0.0 
        0.0         0.0         1.0         0.0 
        0.0         0.0         1.0         0.0 
        0.0         0.0         0.0         0.0 
        0.0         0.0         1.0         0.0 
 NF         0.0         0.0         1.0         0.0 
 PF      0.3333      0.3333         0.0      0.3333 
 WF      0.3333      0.3333        -1.0      0.3333 
 FL      0.3055      0.3055     -0.9722      0.3611 
