
:: Instance :: 22
:: N. Experiment.:: 4
-----------------------------------
      GA---GA20o[100000]      1.0      4.0      1.0      0.0
     FWA---FWA20[100000]      0.0      3.0     0.25     0.43
        SA---SAR[100000]      2.0      3.0     2.25     0.43
       ICA---ICA[100000]      0.0      4.0      0.0      0.0
-----------------------------------

      GA---GA20o[100000]
-----------------------------------
13 15 21 9 0 2 5 19 16 11 17 4 7 18 8 3 14 1 10 6 20 12  ::: 1.0
18 6 8 20 4 16 10 17 11 21 5 1 14 9 3 0 13 15 2 12 19 7  ::: 1.0
7 15 18 2 8 17 4 1 16 20 3 12 9 13 5 0 11 19 21 6 14 10  ::: 1.0
13 8 16 3 10 17 2 12 19 6 18 9 0 4 15 11 20 7 5 21 1 14  ::: 1.0

     FWA---FWA20[100000]
-----------------------------------
10 18 20 3 5 9 15 21 16 6 2 0 14 19 4 8 11 13 17 1 7 12  ::: 1.0
6 9 20 13 7 14 18 0 12 4 2 10 3 15 21 11 16 1 19 17 5 8  ::: 0.0
15 4 7 17 10 13 18 3 9 16 1 21 0 6 12 19 5 11 20 14 2 8  ::: 0.0
9 11 1 8 16 2 7 3 0 15 12 18 20 13 4 6 19 21 5 17 14 10  ::: 0.0

        SA---SAR[100000]
-----------------------------------
12 8 4 7 9 18 3 17 0 11 21 6 20 1 5 13 2 16 19 15 10 14  ::: 2.0
4 6 14 16 13 5 2 15 1 19 21 0 3 17 11 8 10 12 20 18 7 9  ::: 3.0
10 0 16 19 6 20 14 8 3 12 2 15 5 11 21 1 7 13 18 9 17 4  ::: 2.0
13 7 14 2 11 20 17 4 16 18 9 15 10 5 3 6 19 0 12 1 8 21  ::: 2.0

       ICA---ICA[100000]
-----------------------------------
13 2 17 8 18 9 0 5 10 21 7 14 19 3 20 11 16 4 6 1 15 12  ::: 0.0
11 0 8 12 20 18 21 19 9 7 3 14 6 1 5 17 13 4 10 15 2 16  ::: 0.0
5 7 20 4 11 15 19 16 8 2 0 13 6 21 3 18 12 14 17 10 1 9  ::: 0.0
19 9 16 10 2 6 3 7 20 18 12 15 4 8 17 0 21 13 5 1 14 11  ::: 0.0

:: Instance :: 24
:: N. Experiment.:: 4
-----------------------------------
      GA---GA20o[100000]      0.0      1.0     0.75     0.43
     FWA---FWA20[100000]      0.0      3.0     0.25     0.43
        SA---SAR[100000]      3.0      2.0      3.5      0.5
       ICA---ICA[100000]      0.0      4.0      0.0      0.0
-----------------------------------

      GA---GA20o[100000]
-----------------------------------
17 20 13 16 7 11 1 19 5 0 12 9 2 23 18 8 21 14 10 15 4 6 3 22  ::: 1.0
13 9 12 8 23 16 20 5 17 0 22 4 6 18 15 7 3 19 2 14 10 21 1 11  ::: 1.0
15 22 0 10 16 19 8 3 9 12 17 5 21 13 20 4 6 1 23 18 11 14 7 2  ::: 1.0
12 15 5 7 11 20 0 13 10 18 21 6 22 9 14 8 3 16 23 2 17 19 4 1  ::: 0.0

     FWA---FWA20[100000]
-----------------------------------
9 11 20 7 10 3 23 4 22 14 17 6 8 0 2 18 15 1 19 21 5 13 16 12  ::: 0.0
12 8 22 1 6 13 16 23 11 4 21 10 17 19 3 5 0 9 15 20 7 2 18 14  ::: 0.0
6 4 20 10 12 14 17 5 18 21 15 7 2 13 3 0 8 19 11 23 1 16 9 22  ::: 1.0
13 8 17 22 2 23 11 15 7 1 6 0 14 10 18 21 19 12 3 5 20 9 16 4  ::: 0.0

        SA---SAR[100000]
-----------------------------------
7 14 4 23 19 13 5 6 9 18 15 11 0 3 21 1 20 2 16 22 12 10 8 17  ::: 4.0
5 3 17 4 20 13 16 21 11 6 10 0 18 12 2 8 1 9 15 23 7 19 22 14  ::: 3.0
11 13 22 3 23 8 20 19 1 14 12 9 0 4 18 16 21 2 7 5 10 15 17 6  ::: 4.0
19 8 15 10 6 9 20 17 7 4 13 0 23 5 2 1 21 11 14 3 18 12 22 16  ::: 3.0

       ICA---ICA[100000]
-----------------------------------
19 13 2 9 14 10 1 23 16 20 3 0 8 22 11 7 17 4 21 18 6 15 12 5  ::: 0.0
15 6 20 1 10 5 23 9 19 21 13 7 16 12 22 2 8 18 3 14 0 11 4 17  ::: 0.0
8 5 7 16 10 23 1 6 17 21 11 18 15 9 4 2 0 14 20 13 3 19 22 12  ::: 0.0
8 15 17 12 22 7 19 0 6 13 20 2 9 18 3 21 23 16 10 4 14 11 5 1  ::: 0.0

:: Instance :: 26
:: N. Experiment.:: 4
-----------------------------------
      GA---GA20o[100000]      0.0      1.0     0.75     0.43
     FWA---FWA20[100000]      0.0      2.0      0.5      0.5
        SA---SAR[100000]      4.0      3.0     4.25     0.43
       ICA---ICA[100000]      0.0      4.0      0.0      0.0
-----------------------------------

      GA---GA20o[100000]
-----------------------------------
5 12 8 16 13 4 24 22 25 6 14 0 19 23 2 11 7 15 20 9 1 21 3 17 10 18  ::: 1.0
14 4 8 24 13 25 6 17 21 16 3 9 11 2 22 19 12 18 0 5 1 23 10 20 7 15  ::: 1.0
11 7 20 24 2 13 18 21 9 25 15 4 8 1 5 22 16 12 17 23 3 0 14 10 6 19  ::: 0.0
11 4 12 9 0 21 18 8 22 1 19 2 6 10 14 5 24 16 23 17 15 25 3 20 7 13  ::: 1.0

     FWA---FWA20[100000]
-----------------------------------
22 5 17 10 3 19 4 20 13 25 16 21 8 2 9 24 12 18 0 11 23 15 7 14 1 6  ::: 1.0
12 15 6 19 10 18 21 8 25 11 0 2 9 23 17 3 1 13 7 24 4 14 22 5 16 20  ::: 0.0
13 17 2 7 25 22 11 4 14 10 24 3 21 12 9 0 19 15 20 1 8 5 23 16 18 6  ::: 1.0
5 13 11 17 6 21 1 25 8 16 20 4 0 10 3 14 24 18 9 2 23 7 12 15 22 19  ::: 0.0

        SA---SAR[100000]
-----------------------------------
4 17 7 16 10 23 9 22 3 14 20 5 21 24 15 11 1 25 2 6 19 12 8 13 0 18  ::: 4.0
5 20 10 19 4 8 15 3 22 21 25 13 11 7 17 2 23 12 16 0 24 6 18 9 14 1  ::: 4.0
6 17 16 18 25 9 24 15 5 3 7 21 1 13 10 8 0 2 23 12 19 4 22 11 14 20  ::: 5.0
12 22 7 4 17 11 13 3 5 2 24 21 10 15 14 18 19 9 0 23 25 16 8 20 1 6  ::: 4.0

       ICA---ICA[100000]
-----------------------------------
16 0 24 5 23 8 13 18 3 19 14 7 2 10 1 6 22 25 4 20 12 15 11 21 17 9  ::: 0.0
20 22 17 19 8 10 15 18 6 2 24 13 1 25 4 14 0 23 12 16 11 21 5 3 9 7  ::: 0.0
15 11 8 21 7 18 0 23 10 17 3 22 4 25 14 12 20 5 2 24 9 16 13 19 1 6  ::: 0.0
10 0 23 9 22 8 13 16 24 2 11 7 4 17 25 20 1 12 15 5 18 21 6 14 3 19  ::: 0.0
null
Algorithms : 4 --- Instances : 3
-----------------------------------

Ranks Matrix   
-----------------------------------
3.0 2.0 4.0 1.0 
3.0 2.0 4.0 1.0 
3.0 2.0 4.0 1.0 

Friedman Test
-----------------------------------
Friedman value = 13.5
prob Chi-square function = 0.003671
Calculate with degree = 3 and obtain critical value with one sided 

Iman Davenport Test
-----------------------------------
Iman-Davenport  = -6.0
Error in computing prob F-Function
Calculate with degree = 3 X 6 and obtain critical value with one 
	sided 

Holm Test
-----------------------------------
Control Algorithm ICA---ICA
[tenor p value] if tenor > value then there is different (see @ 
	symbol)
-----------------------------------
1 FWA---FWA20 ::: 0.948683 - 0.05 p 0.171391
2 GA---GA20o ::: 1.897367 - 0.025 p 0.02889
3 SA---SAR ::: 2.84605 - 0.016667 p 0.002213 @

Top Algorithms 3
-----------------------------------
Ranks Matrix   
-----------------------------------
1.0 2.0 3.0 
1.0 2.0 3.0 
1.0 2.0 3.0 

Friedman Test
-----------------------------------
Friedman value = 6.0
prob Chi-square function = 0.049787
Calculate with degree = 2 and obtain critical value with one sided 

Iman Davenport Test
-----------------------------------
Iman-Davenport  = 9.223372036854775E12
prob F-Function  = 0.0
Calculate with degree = 2 X 4 and obtain critical value with one 
	sided 

Holm Test
-----------------------------------
Control Algorithm ICA---ICA
[tenor p value] if tenor > value then there is different (see @ 
	symbol)
-----------------------------------
1 FWA---FWA20 ::: 1.224745 - 0.05 p 0.110336
2 GA---GA20o ::: 2.44949 - 0.025 p 0.007153 @

MCD Matrix
-----------------------------------
        1.0         0.0        0.75       0.433        0.75       0.433 
       0.25       0.433        0.25       0.433         0.5         0.5 
       2.25       0.433         3.5         0.5        4.25       0.433 
        0.0         0.0         0.0         0.0         0.0         0.0 

Weights
-----------------------------------
0.2333333333333333- 0.09999999999999999- 0.2333333333333333- 0.09999999999999999- 0.2333333333333333- 0.09999999999999999- 

TOPSIS method
-----------------------------------

Normalized matrix
      0.404         0.0       0.209      0.5477      0.1726      0.5477 
      0.101      0.7071      0.0696      0.5477       0.115      0.6324 
     0.9091      0.7071      0.9754      0.6324      0.9782      0.5477 
        0.0         0.0         0.0         0.0         0.0         0.0 

Weighted normalized decision matrix
      0.404         0.0       0.209      0.5477      0.1726      0.5477 
      0.101      0.7071      0.0696      0.5477       0.115      0.6324 
     0.9091      0.7071      0.9754      0.6324      0.9782      0.5477 
        0.0         0.0         0.0         0.0         0.0         0.0 

V+/V-
        0.0        0.0        0.0        0.0        0.0        0.0
        0.0        0.0        0.0        0.0        0.0        0.0 

 D+      0.1374      0.1163      0.4011         0.0 
 D-      0.2938      0.3476      0.0084      0.4023 
  R      0.6813      0.7492      0.0206         1.0 

-----------------------------------
  Z     4.0     3.0     2.0     1.0 

VIKOR Test
-----------------------------------
  R      0.1037      0.0999      0.2333         0.0 
  S       0.368      0.3566      0.9866         0.0 
  Q      0.4087       0.395         1.0         0.0 
 DQ      0.3333
 Qs         3.0         1.0         0.0         2.0 
 Ss         3.0         1.0         0.0         2.0 
 Rs         3.0         1.0         0.0         2.0 
(b) better         4.0        2.0        1.0        3.0

-----------------------------------
 Rk         4.0         2.0         1.0         3.0 
