
:: Instance :: 22
:: N. Experiment.:: 4
-----------------------------------
      GA---GA20o[100000]      0.0      2.0      0.5      0.5
     FWA---FWA20[100000]      0.0      1.0     0.75     0.43
        SA---SAR[100000]      2.0      1.0     2.75     0.43
       ICA---ICA[100000]      0.0      4.0      0.0      0.0
-----------------------------------

      GA---GA20o[100000]
-----------------------------------
10 14 20 3 9 12 18 21 1 7 19 15 0 8 16 5 2 6 17 13 11 4  ::: 0.0
9 14 18 15 7 20 8 0 16 10 6 2 11 17 3 21 13 4 1 19 12 5  ::: 1.0
12 0 2 5 10 14 20 17 19 7 1 4 6 18 9 16 13 21 3 15 8 11  ::: 1.0
17 10 5 18 16 3 12 9 7 0 2 15 20 1 21 8 13 11 19 14 4 6  ::: 0.0

     FWA---FWA20[100000]
-----------------------------------
7 11 17 14 6 18 10 4 20 9 5 19 15 0 8 3 21 16 2 12 1 13  ::: 1.0
17 0 11 9 18 15 19 8 13 2 21 3 7 10 4 1 12 20 6 16 14 5  ::: 1.0
10 5 13 8 18 12 1 19 4 15 3 20 2 21 16 14 17 6 9 11 0 7  ::: 1.0
6 16 18 12 9 17 8 5 21 19 14 0 7 10 2 11 15 1 3 20 13 4  ::: 0.0

        SA---SAR[100000]
-----------------------------------
14 0 11 7 4 2 17 15 20 12 16 18 8 5 3 9 13 10 1 6 21 19  ::: 2.0
9 0 2 15 19 10 13 17 16 4 6 3 14 21 18 12 20 5 7 1 11 8  ::: 3.0
1 13 6 8 20 16 21 10 5 17 2 4 7 12 19 18 14 3 0 15 9 11  ::: 3.0
9 6 0 11 8 19 12 21 2 4 13 10 3 20 15 1 16 17 14 7 5 18  ::: 3.0

       ICA---ICA[100000]
-----------------------------------
3 21 12 16 5 11 6 1 15 18 0 9 17 8 10 19 2 14 20 7 13 4  ::: 0.0
16 13 5 1 9 14 2 21 19 3 12 4 20 8 11 15 17 7 0 18 6 10  ::: 0.0
6 11 18 15 9 4 1 7 17 2 14 5 10 20 3 0 12 19 8 16 21 13  ::: 0.0
4 7 16 2 21 18 15 10 1 17 6 11 0 20 5 12 8 3 13 9 14 19  ::: 0.0

:: Instance :: 24
:: N. Experiment.:: 4
-----------------------------------
      GA---GA20o[100000]      1.0      3.0     1.25     0.43
     FWA---FWA20[100000]      0.0      3.0     0.25     0.43
        SA---SAR[100000]      4.0      4.0      4.0      0.0
       ICA---ICA[100000]      0.0      4.0      0.0      0.0
-----------------------------------

      GA---GA20o[100000]
-----------------------------------
16 13 7 2 23 3 15 10 14 22 18 0 8 17 21 9 6 12 1 4 20 5 19 11  ::: 1.0
20 12 3 6 10 23 1 11 15 18 7 21 9 2 22 17 0 5 8 19 14 4 13 16  ::: 2.0
20 18 15 11 0 4 10 17 23 9 3 1 13 22 16 12 5 8 21 7 2 19 14 6  ::: 1.0
10 4 9 14 3 19 6 22 13 7 5 16 1 21 18 8 12 23 20 11 17 15 0 2  ::: 1.0

     FWA---FWA20[100000]
-----------------------------------
17 19 2 13 7 9 0 14 22 15 3 23 11 5 1 10 21 18 4 8 16 12 20 6  ::: 0.0
13 15 9 19 1 20 11 3 6 17 5 22 12 16 4 8 18 2 10 23 7 0 21 14  ::: 0.0
13 17 20 6 12 16 23 1 4 14 10 3 21 2 11 22 18 0 9 7 15 19 8 5  ::: 0.0
2 20 15 0 5 10 16 3 6 18 22 17 4 12 9 19 14 7 11 1 23 21 13 8  ::: 1.0

        SA---SAR[100000]
-----------------------------------
2 17 20 18 11 8 0 16 22 5 23 9 1 13 19 14 3 7 10 12 21 15 6 4  ::: 4.0
2 0 10 17 19 9 16 5 3 8 23 21 13 11 14 20 22 1 12 15 6 18 7 4  ::: 4.0
21 7 5 0 8 12 14 16 2 4 15 22 11 23 1 3 6 17 19 20 9 10 13 18  ::: 4.0
8 18 15 17 23 1 10 14 5 2 13 20 12 9 0 3 22 11 7 4 6 16 19 21  ::: 4.0

       ICA---ICA[100000]
-----------------------------------
10 18 13 8 1 4 15 11 14 22 3 5 0 20 16 23 19 17 9 6 12 7 2 21  ::: 0.0
16 11 8 20 5 3 21 14 22 4 18 0 12 7 23 17 6 1 15 10 19 13 9 2  ::: 0.0
12 20 16 5 9 11 22 15 19 0 4 14 21 6 18 2 23 13 8 17 3 10 7 1  ::: 0.0
12 7 13 23 21 5 8 4 15 0 18 16 22 9 6 1 14 20 11 2 19 3 10 17  ::: 0.0
null
Algorithms : 4 --- Instances : 2
-----------------------------------

Ranks Matrix   
-----------------------------------
2.0 3.0 4.0 1.0 
3.0 2.0 4.0 1.0 

Friedman Test
-----------------------------------
Friedman value = 8.25
prob Chi-square function = 0.041118
Calculate with degree = 3 and obtain critical value with one sided 

Iman Davenport Test
-----------------------------------
Iman-Davenport  = -3.666667
Error in computing prob F-Function
Calculate with degree = 3 X 3 and obtain critical value with one 
	sided 

Holm Test
-----------------------------------
Control Algorithm ICA---ICA
[tenor p value] if tenor > value then there is different (see @ 
	symbol)
-----------------------------------
1 FWA---FWA20 ::: 1.161895 - 0.05 p 0.122639
2 GA---GA20o ::: 1.161895 - 0.025 p 0.122639
3 SA---SAR ::: 2.32379 - 0.016667 p 0.010068 @

Top Algorithms 3
-----------------------------------
Ranks Matrix   
-----------------------------------
1.0 3.0 2.0 
1.0 2.0 3.0 

Friedman Test
-----------------------------------
Friedman value = 3.0
prob Chi-square function = 0.22313
Calculate with degree = 2 and obtain critical value with one sided 

Iman Davenport Test
-----------------------------------
Iman-Davenport  = 3.0
prob F-Function  = 0.25
Calculate with degree = 2 X 2 and obtain critical value with one 
	sided 

Holm Test
-----------------------------------
Control Algorithm ICA---ICA
[tenor p value] if tenor > value then there is different (see @ 
	symbol)
-----------------------------------
1 GA---GA20o ::: 1.5 - 0.05 p 0.066807
2 FWA---FWA20 ::: 1.5 - 0.025 p 0.066807

MCD Matrix
-----------------------------------
        0.5         0.5        1.25       0.433 
       0.75       0.433        0.25       0.433 
       2.75       0.433         4.0         0.0 
        0.0         0.0         0.0         0.0 

Weights
-----------------------------------
  0.35-   0.15-   0.35-   0.15- 

TOPSIS method
-----------------------------------

Normalized matrix
     0.1727      0.6324      0.2977      0.7071 
     0.2591      0.5477      0.0595      0.7071 
     0.9502      0.5477      0.9527         0.0 
        0.0         0.0         0.0         0.0 

Weighted normalized decision matrix
     0.1727      0.6324      0.2977      0.7071 
     0.2591      0.5477      0.0595      0.7071 
     0.9502      0.5477      0.9527         0.0 
        0.0         0.0         0.0         0.0 

V+/V-
        0.0        0.0        0.0        0.0
        0.0        0.0        0.0        0.0 

 D+      0.1864      0.1632       0.478         0.0 
 D-      0.3558      0.3954      0.1068       0.492 
  R      0.6561      0.7077      0.1826         1.0 

-----------------------------------
  Z     4.0     3.0     2.0     1.0 

VIKOR Test
-----------------------------------
  R        0.15        0.15        0.35         0.0 
  S       0.473      0.3972      0.8299         0.0 
  Q      0.4992      0.4536         1.0         0.0 
 DQ      0.3333
 Qs         3.0         1.0         0.0         2.0 
 Ss         3.0         1.0         0.0         2.0 
 Rs         3.0         1.0         0.0         2.0 
(b) better         4.0        2.0        1.0        3.0

-----------------------------------
 Rk         4.0         2.0         1.0         3.0 
