
:: Instance :: 22
:: N. Experiment.:: 4
-----------------------------------
      GA---GA20o[100000]      0.0      1.0      1.0      0.7
     FWA---FWA20[100000]      0.0      2.0      0.5      0.5
        SA---SAR[100000]      3.0      3.0     3.25     0.43
       ICA---ICA[100000]      0.0      4.0      0.0      0.0
-----------------------------------

      GA---GA20o[100000]
-----------------------------------
9 17 5 21 15 10 0 3 16 2 20 11 1 12 6 8 13 4 19 14 18 7  ::: 2.0
11 19 14 3 6 20 9 16 4 15 17 2 7 1 8 13 21 18 0 12 10 5  ::: 0.0
7 3 19 12 16 13 5 2 4 20 0 15 18 11 8 1 9 17 10 14 21 6  ::: 1.0
12 3 16 21 19 11 4 17 13 5 1 8 15 20 18 7 10 0 2 6 9 14  ::: 1.0

     FWA---FWA20[100000]
-----------------------------------
18 7 5 13 8 12 20 2 17 6 10 19 1 15 0 9 3 14 16 4 21 11  ::: 1.0
8 5 7 1 20 18 9 21 14 11 2 0 19 6 15 12 10 17 3 13 16 4  ::: 1.0
12 5 7 14 3 8 16 21 17 10 0 4 19 11 20 1 13 9 18 2 15 6  ::: 0.0
15 7 21 4 14 19 5 3 8 13 17 2 9 16 0 20 18 11 1 6 12 10  ::: 0.0

        SA---SAR[100000]
-----------------------------------
5 12 19 15 7 1 3 21 14 18 4 8 10 13 2 16 9 20 17 11 0 6  ::: 4.0
5 10 15 3 14 4 9 19 8 20 17 7 18 0 11 13 6 21 2 16 1 12  ::: 3.0
16 4 10 5 13 18 8 19 14 20 17 21 7 12 6 0 2 11 3 15 1 9  ::: 3.0
17 6 12 15 2 16 3 4 8 10 18 0 21 19 1 14 7 20 13 11 5 9  ::: 3.0

       ICA---ICA[100000]
-----------------------------------
11 4 12 19 3 18 6 14 16 7 0 8 21 17 1 20 2 9 13 10 5 15  ::: 0.0
11 14 19 1 4 12 16 3 10 21 18 5 0 6 9 20 15 7 2 8 17 13  ::: 0.0
18 8 12 14 9 0 6 4 16 21 13 15 3 7 20 1 17 5 11 2 19 10  ::: 0.0
14 21 9 6 17 20 10 13 0 3 8 16 7 4 1 15 12 18 11 5 19 2  ::: 0.0

:: Instance :: 24
:: N. Experiment.:: 4
-----------------------------------
      GA---GA20o[100000]      0.0      2.0      0.5      0.5
     FWA---FWA20[100000]      0.0      1.0     0.75     0.43
        SA---SAR[100000]      2.0      1.0      3.5     0.86
       ICA---ICA[100000]      0.0      4.0      0.0      0.0
-----------------------------------

      GA---GA20o[100000]
-----------------------------------
23 10 3 6 20 16 13 5 7 1 22 19 17 15 0 9 11 21 8 12 2 4 18 14  ::: 1.0
4 15 18 9 1 17 19 22 10 5 3 16 11 21 14 0 8 20 13 2 6 12 23 7  ::: 0.0
3 12 18 4 11 22 0 19 16 8 6 15 21 10 5 20 2 17 13 9 1 23 14 7  ::: 1.0
12 3 19 17 20 11 16 6 2 14 8 4 23 13 0 22 1 21 10 15 9 18 5 7  ::: 0.0

     FWA---FWA20[100000]
-----------------------------------
4 15 19 6 22 10 1 13 17 2 21 8 11 0 16 23 12 5 18 20 14 3 7 9  ::: 0.0
6 8 2 19 7 13 1 16 18 5 15 10 23 14 22 4 0 21 11 9 12 3 20 17  ::: 1.0
18 11 6 16 10 12 15 8 20 2 23 14 17 0 22 7 4 13 9 19 3 5 21 1  ::: 1.0
10 5 9 4 22 7 14 18 6 23 20 2 12 3 17 0 21 11 1 8 15 13 19 16  ::: 1.0

        SA---SAR[100000]
-----------------------------------
13 12 9 21 14 4 1 8 17 3 18 20 15 5 7 2 0 22 6 16 10 19 11 23  ::: 4.0
8 23 4 12 11 21 16 20 5 0 22 7 2 6 14 18 15 1 19 17 10 13 3 9  ::: 4.0
1 2 9 13 8 14 11 18 22 4 19 17 10 3 6 23 7 16 21 5 12 0 15 20  ::: 4.0
15 6 19 21 2 12 8 11 0 10 18 22 1 13 20 14 7 3 17 23 5 9 16 4  ::: 2.0

       ICA---ICA[100000]
-----------------------------------
6 18 1 7 14 17 2 4 15 20 11 13 3 22 19 23 10 0 21 8 5 16 12 9  ::: 0.0
8 15 4 19 14 22 7 3 21 2 16 9 12 1 18 20 23 0 5 11 17 10 6 13  ::: 0.0
22 4 10 17 13 5 18 8 19 0 9 21 1 20 11 3 12 23 16 2 6 14 7 15  ::: 0.0
13 8 6 19 21 16 1 7 9 2 22 17 11 5 12 20 0 3 15 10 14 23 18 4  ::: 0.0

:: Instance :: 26
:: N. Experiment.:: 4
-----------------------------------
      GA---GA20o[100000]      0.0      1.0      1.0      0.7
     FWA---FWA20[100000]      0.0      3.0     0.25     0.43
        SA---SAR[100000]      4.0      3.0     4.25     0.43
       ICA---ICA[100000]      0.0      4.0      0.0      0.0
-----------------------------------

      GA---GA20o[100000]
-----------------------------------
4 16 23 11 22 10 18 14 0 9 12 2 25 7 24 1 15 6 21 17 13 8 19 5 3 20  ::: 0.0
11 14 7 18 12 21 0 16 25 1 3 17 2 9 13 4 22 19 6 10 15 24 20 23 8 5  ::: 1.0
19 14 0 17 4 11 1 15 13 23 3 22 2 5 21 25 12 8 20 7 16 18 9 6 10 24  ::: 2.0
20 17 12 1 8 0 3 22 16 14 9 11 15 4 25 21 23 13 19 2 5 7 24 10 18 6  ::: 1.0

     FWA---FWA20[100000]
-----------------------------------
23 12 4 25 17 13 16 7 11 18 2 6 8 20 1 19 0 14 24 10 5 9 21 3 22 15  ::: 0.0
17 19 14 25 10 5 0 12 7 4 11 1 20 22 18 3 13 24 16 8 6 23 9 2 15 21  ::: 1.0
13 15 7 14 1 3 24 22 20 2 17 10 8 5 0 23 25 19 21 6 11 16 4 12 18 9  ::: 0.0
8 16 0 6 25 14 20 11 15 5 2 23 1 3 13 10 22 18 4 12 17 21 24 7 9 19  ::: 0.0

        SA---SAR[100000]
-----------------------------------
9 3 0 10 12 21 19 25 4 8 11 5 18 23 1 24 13 6 2 14 20 17 15 22 7 16  ::: 4.0
10 15 6 0 9 7 19 16 4 20 8 17 5 25 22 18 23 2 13 11 21 1 24 3 14 12  ::: 4.0
18 10 2 17 19 25 13 11 9 0 16 23 21 15 24 20 8 5 14 12 7 22 3 6 1 4  ::: 5.0
14 18 23 13 4 6 11 24 19 1 8 10 3 22 20 15 7 25 21 9 2 5 16 17 0 12  ::: 4.0

       ICA---ICA[100000]
-----------------------------------
10 8 4 18 21 25 7 15 19 5 13 23 3 11 6 2 20 12 0 9 17 14 16 22 24 1  ::: 0.0
25 21 7 20 23 15 10 6 22 5 2 17 9 16 3 0 18 24 1 14 11 19 4 13 8 12  ::: 0.0
8 22 15 21 2 5 16 14 23 11 1 4 6 0 13 20 25 12 19 9 24 18 3 7 10 17  ::: 0.0
8 11 15 24 19 5 3 18 7 13 1 23 17 20 12 9 4 2 0 25 22 10 6 16 14 21  ::: 0.0
null
Algorithms : 4 --- Instances : 3
-----------------------------------

Ranks Matrix   
-----------------------------------
3.0 2.0 4.0 1.0 
2.0 3.0 4.0 1.0 
3.0 2.0 4.0 1.0 

Friedman Test
-----------------------------------
Friedman value = 12.5
prob Chi-square function = 0.005853
Calculate with degree = 3 and obtain critical value with one sided 

Iman Davenport Test
-----------------------------------
Iman-Davenport  = -7.142857
Error in computing prob F-Function
Calculate with degree = 3 X 6 and obtain critical value with one 
	sided 

Holm Test
-----------------------------------
Control Algorithm ICA---ICA
[tenor p value] if tenor > value then there is different (see @ 
	symbol)
-----------------------------------
1 FWA---FWA20 ::: 1.264911 - 0.05 p 0.102952
2 GA---GA20o ::: 1.581139 - 0.025 p 0.056923
3 SA---SAR ::: 2.84605 - 0.016667 p 0.002213 @

Top Algorithms 3
-----------------------------------
Ranks Matrix   
-----------------------------------
1.0 2.0 3.0 
1.0 3.0 2.0 
1.0 2.0 3.0 

Friedman Test
-----------------------------------
Friedman value = 4.666667
prob Chi-square function = 0.096972
Calculate with degree = 2 and obtain critical value with one sided 

Iman Davenport Test
-----------------------------------
Iman-Davenport  = 7.0
prob F-Function  = 0.049383
Calculate with degree = 2 X 4 and obtain critical value with one 
	sided 

Holm Test
-----------------------------------
Control Algorithm ICA---ICA
[tenor p value] if tenor > value then there is different (see @ 
	symbol)
-----------------------------------
1 FWA---FWA20 ::: 1.632993 - 0.05 p 0.051235
2 GA---GA20o ::: 2.041241 - 0.025 p 0.020613 @

MCD Matrix
-----------------------------------
        1.0         0.5         1.0 
        0.5        0.75        0.25 
       3.25         3.5        4.25 
        0.0         0.0         0.0 

Weights
-----------------------------------
0.3333333333333333- 0.3333333333333333- 0.3333333333333333- 

TOPSIS method
-----------------------------------

Normalized matrix
     0.2909      0.1383      0.2286 
     0.1454      0.2075      0.0571 
     0.9456      0.9684      0.9718 
        0.0         0.0         0.0 

Weighted normalized decision matrix
     0.2909      0.1383      0.2286 
     0.1454      0.2075      0.0571 
     0.9456      0.9684      0.9718 
        0.0         0.0         0.0 

V+/V-
        0.0        0.0        0.0
        0.0        0.0        0.0 

 D+      0.1316      0.0865      0.5554         0.0 
 D-      0.4307      0.4779         0.0      0.5554 
  R      0.7658      0.8466         0.0         1.0 

-----------------------------------
  Z     4.0     3.0     2.0     1.0 

VIKOR Test
-----------------------------------
  R      0.1025      0.0714      0.3333         0.0 
  S      0.2286      0.1423         1.0         0.0 
  Q      0.2681      0.1783         1.0         0.0 
 DQ      0.3333
 Qs         3.0         1.0         0.0         2.0 
 Ss         3.0         1.0         0.0         2.0 
 Rs         3.0         1.0         0.0         2.0 
(b) better         4.0        2.0        1.0        3.0

-----------------------------------
 Rk         4.0         2.0         1.0         3.0 

PROMETHEE Test
-----------------------------------

Alternative 1
  X         1.0         0.5        3.25         0.0 
        0.0         0.0         1.0         0.0 
        0.0         0.0         1.0         0.0 
        0.0         0.0         0.0         0.0 
        0.0         0.0         1.0         0.0 
 NF         0.0         0.0         1.0         0.0 
 PF      0.3333      0.3333         0.0      0.3333 
 WF      0.3333      0.3333        -1.0      0.3333 

Alternative 2
  X         0.5        0.75         3.5         0.0 
        0.0         0.0         1.0         0.0 
        0.0         0.0         1.0         0.0 
        0.0         0.0         0.0         0.0 
        0.0         0.0         1.0         0.0 
 NF         0.0         0.0         1.0         0.0 
 PF      0.3333      0.3333         0.0      0.3333 
 WF      0.3333      0.3333        -1.0      0.3333 

Alternative 3
  X         1.0        0.25        4.25         0.0 
        0.0         0.0         1.0         0.0 
        0.0         0.0         1.0         0.0 
        0.0         0.0         0.0         0.0 
        0.0         0.0         1.0         0.0 
 NF         0.0         0.0         1.0         0.0 
 PF      0.3333      0.3333         0.0      0.3333 
 WF      0.3333      0.3333        -1.0      0.3333 
 FL      0.3333      0.3333        -1.0      0.3333 
