# targets 
27
94
46
78
80
76
37
81
46
96
91
94
50
43
92
80
70
64
74
53
36
98
27
47
45
66
41
95
41
51
82
26
43
35
43
37
30
99
83
61
# prob. matrix 
   0,7754   0,8152   0,7946   0,6136   0,8255   0,6130   0,7749   0,8729   0,8810   0,8119   0,6398   0,6433   0,8538   0,7059   0,7644   0,7281   0,7939   0,8899   0,6661   0,8171   0,7871   0,8112   0,8000   0,8269   0,6111   0,8106   0,8466   0,6188   0,8068   0,7017   0,7555   0,8347   0,6084   0,7812   0,7756   0,6950   0,7942   0,7070   0,8475   0,7697
   0,8717   0,7449   0,6714   0,7626   0,6018   0,6501   0,6777   0,8293   0,6863   0,8284   0,7301   0,8995   0,7997   0,6079   0,8796   0,7749   0,6392   0,8506   0,7543   0,8384   0,8894   0,8360   0,6290   0,7340   0,8609   0,7671   0,8548   0,6589   0,7518   0,6709   0,8548   0,8498   0,6148   0,7017   0,7985   0,6481   0,6709   0,7977   0,8608   0,8884
   0,6100   0,7922   0,7495   0,8740   0,7503   0,7485   0,7428   0,6836   0,7938   0,8502   0,8282   0,7912   0,6145   0,6686   0,7626   0,8782   0,8535   0,8120   0,8845   0,7760   0,6607   0,8647   0,6150   0,7936   0,8294   0,6320   0,7597   0,6580   0,8046   0,8244   0,6965   0,8359   0,8217   0,7439   0,7843   0,8948   0,8354   0,6697   0,6626   0,7192
   0,6422   0,6909   0,8354   0,7097   0,8729   0,8837   0,8346   0,7659   0,6430   0,8026   0,8507   0,7869   0,7927   0,7242   0,6894   0,7142   0,8243   0,7678   0,6731   0,7935   0,8621   0,6127   0,7462   0,7416   0,8019   0,7300   0,7740   0,6751   0,8028   0,6627   0,7315   0,7867   0,8882   0,7080   0,6773   0,6430   0,8724   0,7854   0,7869   0,6259
   0,7162   0,8159   0,6834   0,8484   0,8317   0,6870   0,8529   0,8382   0,6107   0,6347   0,8654   0,6148   0,8397   0,8466   0,6389   0,6651   0,7854   0,6619   0,6857   0,7716   0,8921   0,8374   0,8677   0,8489   0,7219   0,7393   0,8567   0,7101   0,8968   0,7305   0,8516   0,7050   0,8576   0,6362   0,7426   0,7566   0,8517   0,8950   0,7381   0,6628
   0,6889   0,8385   0,8759   0,7321   0,6671   0,6828   0,6347   0,8810   0,6674   0,7704   0,7371   0,6438   0,7496   0,7619   0,8985   0,7201   0,6444   0,7487   0,6195   0,8287   0,6398   0,7371   0,7514   0,6305   0,8929   0,8481   0,8782   0,7436   0,8691   0,8713   0,8560   0,8872   0,7105   0,7261   0,6361   0,7713   0,6789   0,8962   0,8633   0,6791
   0,7837   0,6355   0,7943   0,6892   0,8186   0,6768   0,7170   0,8357   0,8671   0,6249   0,6709   0,8184   0,6135   0,6671   0,7762   0,6486   0,6073   0,7035   0,7656   0,8496   0,7701   0,7714   0,6901   0,6189   0,6152   0,6215   0,8233   0,7152   0,6609   0,8004   0,6374   0,8398   0,6669   0,6919   0,7448   0,7528   0,8044   0,6847   0,8147   0,6960
   0,6860   0,6555   0,8679   0,8790   0,6326   0,7846   0,8339   0,8366   0,6384   0,8647   0,6164   0,6704   0,6141   0,6108   0,7664   0,6554   0,6431   0,8377   0,8903   0,8193   0,7716   0,6434   0,8418   0,7845   0,8772   0,8085   0,6454   0,8116   0,6143   0,6142   0,7885   0,6850   0,6316   0,8752   0,6853   0,6443   0,7734   0,8891   0,7767   0,6911
   0,7451   0,8212   0,7636   0,6792   0,7105   0,7663   0,8987   0,8410   0,8211   0,7624   0,7695   0,7025   0,7385   0,7782   0,6962   0,6006   0,7077   0,7438   0,6453   0,8345   0,7734   0,8597   0,6234   0,6648   0,7935   0,7899   0,6577   0,7100   0,6075   0,7234   0,8021   0,8906   0,8504   0,8827   0,7219   0,6242   0,8720   0,7533   0,6075   0,7978
   0,8259   0,7193   0,8520   0,6134   0,6293   0,6082   0,8947   0,7421   0,7657   0,6753   0,6840   0,7168   0,8137   0,8955   0,8498   0,7444   0,7192   0,6753   0,8961   0,6377   0,6105   0,7568   0,7285   0,6332   0,6596   0,6461   0,7236   0,7002   0,6417   0,7773   0,8158   0,7328   0,8202   0,6045   0,8417   0,6708   0,7986   0,6081   0,8184   0,6047
   0,8282   0,6052   0,8640   0,8897   0,7401   0,8650   0,6755   0,6240   0,8896   0,8508   0,8798   0,6326   0,6464   0,6434   0,8473   0,7497   0,8540   0,8386   0,6287   0,6963   0,7962   0,6611   0,8183   0,8191   0,8648   0,6977   0,7848   0,7801   0,7094   0,8194   0,6249   0,7760   0,7726   0,7399   0,6991   0,6057   0,7703   0,8456   0,6933   0,8138
   0,6675   0,7278   0,8229   0,8977   0,6259   0,7547   0,7479   0,8911   0,7587   0,7345   0,7104   0,7179   0,7230   0,6461   0,7264   0,6524   0,7061   0,7482   0,6737   0,6238   0,8289   0,6210   0,7111   0,8611   0,6826   0,7450   0,8371   0,7973   0,8497   0,7873   0,8631   0,6281   0,8230   0,6339   0,7160   0,7618   0,6407   0,7883   0,6195   0,6917
   0,8862   0,7484   0,7158   0,7835   0,6730   0,7698   0,6880   0,8829   0,8375   0,6365   0,7265   0,6277   0,7003   0,6747   0,6522   0,6828   0,7290   0,8755   0,6581   0,7124   0,8418   0,8279   0,6697   0,7544   0,7325   0,7114   0,6430   0,8827   0,8724   0,8505   0,8267   0,7064   0,7544   0,6018   0,8010   0,7976   0,7885   0,6173   0,7825   0,7215
   0,6370   0,8103   0,8409   0,6015   0,6894   0,7460   0,6152   0,6567   0,8252   0,7805   0,7469   0,6234   0,7931   0,7816   0,8544   0,7975   0,7532   0,7912   0,8729   0,7261   0,6760   0,8147   0,6611   0,7241   0,6799   0,8666   0,7416   0,8972   0,8054   0,6482   0,6904   0,6215   0,7786   0,6955   0,7235   0,8551   0,8055   0,8996   0,7475   0,7416
   0,6582   0,7836   0,6414   0,7126   0,6736   0,6038   0,7229   0,7982   0,7729   0,6411   0,8260   0,6188   0,7392   0,6546   0,7667   0,8549   0,6467   0,6817   0,7185   0,6742   0,7314   0,8985   0,6381   0,8351   0,6199   0,7831   0,6941   0,6893   0,7979   0,6699   0,6404   0,6648   0,6944   0,8374   0,8554   0,6311   0,7916   0,6302   0,6276   0,7280
   0,6343   0,8902   0,8163   0,8770   0,8160   0,8518   0,8417   0,8934   0,7487   0,6459   0,6778   0,8727   0,6979   0,6574   0,6179   0,6449   0,7636   0,8897   0,7649   0,8618   0,6276   0,7067   0,6677   0,8226   0,8602   0,7538   0,7764   0,6339   0,7838   0,6916   0,6245   0,6574   0,6346   0,7271   0,8678   0,7101   0,8358   0,7795   0,7139   0,6562
   0,8086   0,6854   0,6669   0,6611   0,8885   0,6192   0,8829   0,6705   0,8950   0,8942   0,6945   0,7278   0,7134   0,8961   0,6992   0,8551   0,7977   0,8089   0,8390   0,6894   0,7810   0,8026   0,7059   0,7004   0,9000   0,7736   0,8060   0,7985   0,8872   0,7604   0,8923   0,6948   0,6708   0,6961   0,6442   0,6791   0,6409   0,6102   0,7165   0,7501
   0,6936   0,6490   0,7173   0,8566   0,7534   0,6555   0,6895   0,6970   0,7958   0,6229   0,8722   0,8642   0,8474   0,7264   0,8076   0,7334   0,8350   0,6339   0,7251   0,8475   0,6768   0,8995   0,7929   0,6833   0,8700   0,6614   0,6653   0,7602   0,6248   0,6903   0,8774   0,8969   0,8202   0,8659   0,8476   0,6218   0,7212   0,8048   0,7412   0,8026
   0,6955   0,8151   0,6229   0,8829   0,7963   0,8141   0,8912   0,7895   0,7475   0,7181   0,6294   0,8158   0,8632   0,8926   0,6398   0,8812   0,6739   0,8442   0,8430   0,7282   0,8947   0,8304   0,7195   0,8308   0,6792   0,7776   0,8589   0,6676   0,7376   0,7114   0,6439   0,6462   0,6711   0,8340   0,6536   0,6621   0,6803   0,8191   0,8016   0,6270
   0,8474   0,8406   0,7500   0,7184   0,8659   0,8093   0,7414   0,6715   0,7021   0,8547   0,7826   0,6705   0,8173   0,6636   0,7866   0,7849   0,7552   0,6740   0,6377   0,6497   0,7167   0,6115   0,6876   0,8974   0,8858   0,7623   0,6155   0,6210   0,7560   0,8861   0,7991   0,8740   0,6222   0,6943   0,7366   0,8055   0,6491   0,7511   0,8413   0,7730
